[array([([1.7, 1.7, 1.7], [1., 0., 0., 1.]),
       ([0.7, 1.7, 1.7], [1., 0., 0., 1.]),
       ([1.7, 0.7, 1.7], [1., 0., 0., 1.]),
       ([0.7, 1.7, 1.7], [1., 0., 0., 1.]),
       ([0.7, 0.7, 1.7], [1., 0., 0., 1.]),
       ([1.7, 0.7, 1.7], [1., 0., 0., 1.]),
       ([1.7, 1.7, 0.7], [0., 0., 1., 1.]),
       ([1.7, 1.7, 1.7], [0., 0., 1., 1.]),
       ([1.7, 0.7, 0.7], [0., 0., 1., 1.]),
       ([1.7, 1.7, 1.7], [0., 0., 1., 1.]),
       ([1.7, 0.7, 1.7], [0., 0., 1., 1.]),
       ([1.7, 0.7, 0.7], [0., 0., 1., 1.]),
       ([0.7, 1.7, 0.7], [0., 0., 0., 1.]),
       ([1.7, 1.7, 0.7], [0., 0., 0., 1.]),
       ([0.7, 0.7, 0.7], [0., 0., 0., 1.]),
       ([1.7, 1.7, 0.7], [0., 0., 0., 1.]),
       ([1.7, 0.7, 0.7], [0., 0., 0., 1.]),
       ([0.7, 0.7, 0.7], [0., 0., 0., 1.]),
       ([0.7, 1.7, 1.7], [0., 0., 0., 1.]),
       ([0.7, 1.7, 0.7], [0., 0., 0., 1.]),
       ([0.7, 0.7, 1.7], [0., 0., 0., 1.]),
       ([0.7, 1.7, 0.7], [0., 0., 0., 1.]),
       ([0.7, 0.7, 0.7], [0., 0., 0., 1.]),
       ([0.7, 0.7, 1.7], [0., 0., 0., 1.]),
       ([1.7, 1.7, 0.7], [1., 1., 1., 1.]),
       ([0.7, 1.7, 0.7], [1., 1., 1., 1.]),
       ([1.7, 1.7, 1.7], [1., 1., 1., 1.]),
       ([0.7, 1.7, 0.7], [1., 1., 1., 1.]),
       ([0.7, 1.7, 1.7], [1., 1., 1., 1.]),
       ([1.7, 1.7, 1.7], [1., 1., 1., 1.]),
       ([0.7, 0.7, 0.7], [0., 0., 0., 1.]),
       ([1.7, 0.7, 0.7], [0., 0., 0., 1.]),
       ([0.7, 0.7, 1.7], [0., 0., 0., 1.]),
       ([1.7, 0.7, 0.7], [0., 0., 0., 1.]),
       ([1.7, 0.7, 1.7], [0., 0., 0., 1.]),
       ([0.7, 0.7, 1.7], [0., 0., 0., 1.])],
      dtype=[('position', '<f4', (3,)), ('color', '<f4', (4,))]), array([([ 0.5,  1.7,  1.7], [1., 0., 0., 1.]),
       ([-0.5,  1.7,  1.7], [1., 0., 0., 1.]),
       ([ 0.5,  0.7,  1.7], [1., 0., 0., 1.]),
       ([-0.5,  1.7,  1.7], [1., 0., 0., 1.]),
       ([-0.5,  0.7,  1.7], [1., 0., 0., 1.]),
       ([ 0.5,  0.7,  1.7], [1., 0., 0., 1.]),
       ([ 0.5,  1.7,  0.7], [0., 0., 0., 1.]),
       ([ 0.5,  1.7,  1.7], [0., 0., 0., 1.]),
       ([ 0.5,  0.7,  0.7], [0., 0., 0., 1.]),
       ([ 0.5,  1.7,  1.7], [0., 0., 0., 1.]),
       ([ 0.5,  0.7,  1.7], [0., 0., 0., 1.]),
       ([ 0.5,  0.7,  0.7], [0., 0., 0., 1.]),
       ([-0.5,  1.7,  0.7], [0., 0., 0., 1.]),
       ([ 0.5,  1.7,  0.7], [0., 0., 0., 1.]),
       ([-0.5,  0.7,  0.7], [0., 0., 0., 1.]),
       ([ 0.5,  1.7,  0.7], [0., 0., 0., 1.]),
       ([ 0.5,  0.7,  0.7], [0., 0., 0., 1.]),
       ([-0.5,  0.7,  0.7], [0., 0., 0., 1.]),
       ([-0.5,  1.7,  1.7], [0., 0., 0., 1.]),
       ([-0.5,  1.7,  0.7], [0., 0., 0., 1.]),
       ([-0.5,  0.7,  1.7], [0., 0., 0., 1.]),
       ([-0.5,  1.7,  0.7], [0., 0., 0., 1.]),
       ([-0.5,  0.7,  0.7], [0., 0., 0., 1.]),
       ([-0.5,  0.7,  1.7], [0., 0., 0., 1.]),
       ([ 0.5,  1.7,  0.7], [1., 1., 1., 1.]),
       ([-0.5,  1.7,  0.7], [1., 1., 1., 1.]),
       ([ 0.5,  1.7,  1.7], [1., 1., 1., 1.]),
       ([-0.5,  1.7,  0.7], [1., 1., 1., 1.]),
       ([-0.5,  1.7,  1.7], [1., 1., 1., 1.]),
       ([ 0.5,  1.7,  1.7], [1., 1., 1., 1.]),
       ([-0.5,  0.7,  0.7], [0., 0., 0., 1.]),
       ([ 0.5,  0.7,  0.7], [0., 0., 0., 1.]),
       ([-0.5,  0.7,  1.7], [0., 0., 0., 1.]),
       ([ 0.5,  0.7,  0.7], [0., 0., 0., 1.]),
       ([ 0.5,  0.7,  1.7], [0., 0., 0., 1.]),
       ([-0.5,  0.7,  1.7], [0., 0., 0., 1.])],
      dtype=[('position', '<f4', (3,)), ('color', '<f4', (4,))]), array([([-0.7,  1.7,  1.7], [1., 0., 0., 1.]),
       ([-1.7,  1.7,  1.7], [1., 0., 0., 1.]),
       ([-0.7,  0.7,  1.7], [1., 0., 0., 1.]),
       ([-1.7,  1.7,  1.7], [1., 0., 0., 1.]),
       ([-1.7,  0.7,  1.7], [1., 0., 0., 1.]),
       ([-0.7,  0.7,  1.7], [1., 0., 0., 1.]),
       ([-0.7,  1.7,  0.7], [0., 0., 0., 1.]),
       ([-0.7,  1.7,  1.7], [0., 0., 0., 1.]),
       ([-0.7,  0.7,  0.7], [0., 0., 0., 1.]),
       ([-0.7,  1.7,  1.7], [0., 0., 0., 1.]),
       ([-0.7,  0.7,  1.7], [0., 0., 0., 1.]),
       ([-0.7,  0.7,  0.7], [0., 0., 0., 1.]),
       ([-1.7,  1.7,  0.7], [0., 0., 0., 1.]),
       ([-0.7,  1.7,  0.7], [0., 0., 0., 1.]),
       ([-1.7,  0.7,  0.7], [0., 0., 0., 1.]),
       ([-0.7,  1.7,  0.7], [0., 0., 0., 1.]),
       ([-0.7,  0.7,  0.7], [0., 0., 0., 1.]),
       ([-1.7,  0.7,  0.7], [0., 0., 0., 1.]),
       ([-1.7,  1.7,  1.7], [0., 1., 0., 1.]),
       ([-1.7,  1.7,  0.7], [0., 1., 0., 1.]),
       ([-1.7,  0.7,  1.7], [0., 1., 0., 1.]),
       ([-1.7,  1.7,  0.7], [0., 1., 0., 1.]),
       ([-1.7,  0.7,  0.7], [0., 1., 0., 1.]),
       ([-1.7,  0.7,  1.7], [0., 1., 0., 1.]),
       ([-0.7,  1.7,  0.7], [1., 1., 1., 1.]),
       ([-1.7,  1.7,  0.7], [1., 1., 1., 1.]),
       ([-0.7,  1.7,  1.7], [1., 1., 1., 1.]),
       ([-1.7,  1.7,  0.7], [1., 1., 1., 1.]),
       ([-1.7,  1.7,  1.7], [1., 1., 1., 1.]),
       ([-0.7,  1.7,  1.7], [1., 1., 1., 1.]),
       ([-1.7,  0.7,  0.7], [0., 0., 0., 1.]),
       ([-0.7,  0.7,  0.7], [0., 0., 0., 1.]),
       ([-1.7,  0.7,  1.7], [0., 0., 0., 1.]),
       ([-0.7,  0.7,  0.7], [0., 0., 0., 1.]),
       ([-0.7,  0.7,  1.7], [0., 0., 0., 1.]),
       ([-1.7,  0.7,  1.7], [0., 0., 0., 1.])],
      dtype=[('position', '<f4', (3,)), ('color', '<f4', (4,))]), array([([ 1.7,  0.5,  1.7], [1., 0., 0., 1.]),
       ([ 0.7,  0.5,  1.7], [1., 0., 0., 1.]),
       ([ 1.7, -0.5,  1.7], [1., 0., 0., 1.]),
       ([ 0.7,  0.5,  1.7], [1., 0., 0., 1.]),
       ([ 0.7, -0.5,  1.7], [1., 0., 0., 1.]),
       ([ 1.7, -0.5,  1.7], [1., 0., 0., 1.]),
       ([ 1.7,  0.5,  0.7], [0., 0., 1., 1.]),
       ([ 1.7,  0.5,  1.7], [0., 0., 1., 1.]),
       ([ 1.7, -0.5,  0.7], [0., 0., 1., 1.]),
       ([ 1.7,  0.5,  1.7], [0., 0., 1., 1.]),
       ([ 1.7, -0.5,  1.7], [0., 0., 1., 1.]),
       ([ 1.7, -0.5,  0.7], [0., 0., 1., 1.]),
       ([ 0.7,  0.5,  0.7], [0., 0., 0., 1.]),
       ([ 1.7,  0.5,  0.7], [0., 0., 0., 1.]),
       ([ 0.7, -0.5,  0.7], [0., 0., 0., 1.]),
       ([ 1.7,  0.5,  0.7], [0., 0., 0., 1.]),
       ([ 1.7, -0.5,  0.7], [0., 0., 0., 1.]),
       ([ 0.7, -0.5,  0.7], [0., 0., 0., 1.]),
       ([ 0.7,  0.5,  1.7], [0., 0., 0., 1.]),
       ([ 0.7,  0.5,  0.7], [0., 0., 0., 1.]),
       ([ 0.7, -0.5,  1.7], [0., 0., 0., 1.]),
       ([ 0.7,  0.5,  0.7], [0., 0., 0., 1.]),
       ([ 0.7, -0.5,  0.7], [0., 0., 0., 1.]),
       ([ 0.7, -0.5,  1.7], [0., 0., 0., 1.]),
       ([ 1.7,  0.5,  0.7], [0., 0., 0., 1.]),
       ([ 0.7,  0.5,  0.7], [0., 0., 0., 1.]),
       ([ 1.7,  0.5,  1.7], [0., 0., 0., 1.]),
       ([ 0.7,  0.5,  0.7], [0., 0., 0., 1.]),
       ([ 0.7,  0.5,  1.7], [0., 0., 0., 1.]),
       ([ 1.7,  0.5,  1.7], [0., 0., 0., 1.]),
       ([ 0.7, -0.5,  0.7], [0., 0., 0., 1.]),
       ([ 1.7, -0.5,  0.7], [0., 0., 0., 1.]),
       ([ 0.7, -0.5,  1.7], [0., 0., 0., 1.]),
       ([ 1.7, -0.5,  0.7], [0., 0., 0., 1.]),
       ([ 1.7, -0.5,  1.7], [0., 0., 0., 1.]),
       ([ 0.7, -0.5,  1.7], [0., 0., 0., 1.])],
      dtype=[('position', '<f4', (3,)), ('color', '<f4', (4,))]), array([([ 0.5,  0.5,  1.7], [1., 0., 0., 1.]),
       ([-0.5,  0.5,  1.7], [1., 0., 0., 1.]),
       ([ 0.5, -0.5,  1.7], [1., 0., 0., 1.]),
       ([-0.5,  0.5,  1.7], [1., 0., 0., 1.]),
       ([-0.5, -0.5,  1.7], [1., 0., 0., 1.]),
       ([ 0.5, -0.5,  1.7], [1., 0., 0., 1.]),
       ([ 0.5,  0.5,  0.7], [0., 0., 0., 1.]),
       ([ 0.5,  0.5,  1.7], [0., 0., 0., 1.]),
       ([ 0.5, -0.5,  0.7], [0., 0., 0., 1.]),
       ([ 0.5,  0.5,  1.7], [0., 0., 0., 1.]),
       ([ 0.5, -0.5,  1.7], [0., 0., 0., 1.]),
       ([ 0.5, -0.5,  0.7], [0., 0., 0., 1.]),
       ([-0.5,  0.5,  0.7], [0., 0., 0., 1.]),
       ([ 0.5,  0.5,  0.7], [0., 0., 0., 1.]),
       ([-0.5, -0.5,  0.7], [0., 0., 0., 1.]),
       ([ 0.5,  0.5,  0.7], [0., 0., 0., 1.]),
       ([ 0.5, -0.5,  0.7], [0., 0., 0., 1.]),
       ([-0.5, -0.5,  0.7], [0., 0., 0., 1.]),
       ([-0.5,  0.5,  1.7], [0., 0., 0., 1.]),
       ([-0.5,  0.5,  0.7], [0., 0., 0., 1.]),
       ([-0.5, -0.5,  1.7], [0., 0., 0., 1.]),
       ([-0.5,  0.5,  0.7], [0., 0., 0., 1.]),
       ([-0.5, -0.5,  0.7], [0., 0., 0., 1.]),
       ([-0.5, -0.5,  1.7], [0., 0., 0., 1.]),
       ([ 0.5,  0.5,  0.7], [0., 0., 0., 0.]),
       ([-0.5,  0.5,  0.7], [0., 0., 0., 0.]),
       ([ 0.5,  0.5,  1.7], [0., 0., 0., 1.]),
       ([-0.5,  0.5,  0.7], [0., 0., 0., 1.]),
       ([-0.5,  0.5,  1.7], [0., 0., 0., 1.]),
       ([ 0.5,  0.5,  1.7], [0., 0., 0., 1.]),
       ([-0.5, -0.5,  0.7], [0., 0., 0., 1.]),
       ([ 0.5, -0.5,  0.7], [0., 0., 0., 1.]),
       ([-0.5, -0.5,  1.7], [0., 0., 0., 1.]),
       ([ 0.5, -0.5,  0.7], [0., 0., 0., 1.]),
       ([ 0.5, -0.5,  1.7], [0., 0., 0., 1.]),
       ([-0.5, -0.5,  1.7], [0., 0., 0., 1.])],
      dtype=[('position', '<f4', (3,)), ('color', '<f4', (4,))]), array([([-0.7,  0.5,  1.7], [1., 0., 0., 1.]),
       ([-1.7,  0.5,  1.7], [1., 0., 0., 1.]),
       ([-0.7, -0.5,  1.7], [1., 0., 0., 1.]),
       ([-1.7,  0.5,  1.7], [1., 0., 0., 1.]),
       ([-1.7, -0.5,  1.7], [1., 0., 0., 1.]),
       ([-0.7, -0.5,  1.7], [1., 0., 0., 1.]),
       ([-0.7,  0.5,  0.7], [0., 0., 0., 1.]),
       ([-0.7,  0.5,  1.7], [0., 0., 0., 1.]),
       ([-0.7, -0.5,  0.7], [0., 0., 0., 1.]),
       ([-0.7,  0.5,  1.7], [0., 0., 0., 1.]),
       ([-0.7, -0.5,  1.7], [0., 0., 0., 1.]),
       ([-0.7, -0.5,  0.7], [0., 0., 0., 1.]),
       ([-1.7,  0.5,  0.7], [0., 0., 0., 1.]),
       ([-0.7,  0.5,  0.7], [0., 0., 0., 1.]),
       ([-1.7, -0.5,  0.7], [0., 0., 0., 1.]),
       ([-0.7,  0.5,  0.7], [0., 0., 0., 1.]),
       ([-0.7, -0.5,  0.7], [0., 0., 0., 1.]),
       ([-1.7, -0.5,  0.7], [0., 0., 0., 1.]),
       ([-1.7,  0.5,  1.7], [0., 1., 0., 1.]),
       ([-1.7,  0.5,  0.7], [0., 1., 0., 1.]),
       ([-1.7, -0.5,  1.7], [0., 1., 0., 1.]),
       ([-1.7,  0.5,  0.7], [0., 1., 0., 1.]),
       ([-1.7, -0.5,  0.7], [0., 1., 0., 1.]),
       ([-1.7, -0.5,  1.7], [0., 1., 0., 1.]),
       ([-0.7,  0.5,  0.7], [0., 0., 0., 0.]),
       ([-1.7,  0.5,  0.7], [0., 0., 0., 1.]),
       ([-0.7,  0.5,  1.7], [0., 0., 0., 1.]),
       ([-1.7,  0.5,  0.7], [0., 0., 0., 1.]),
       ([-1.7,  0.5,  1.7], [0., 0., 0., 1.]),
       ([-0.7,  0.5,  1.7], [0., 0., 0., 1.]),
       ([-1.7, -0.5,  0.7], [0., 0., 0., 1.]),
       ([-0.7, -0.5,  0.7], [0., 0., 0., 1.]),
       ([-1.7, -0.5,  1.7], [0., 0., 0., 1.]),
       ([-0.7, -0.5,  0.7], [0., 0., 0., 1.]),
       ([-0.7, -0.5,  1.7], [0., 0., 0., 1.]),
       ([-1.7, -0.5,  1.7], [0., 0., 0., 1.])],
      dtype=[('position', '<f4', (3,)), ('color', '<f4', (4,))]), array([([ 1.7, -0.7,  1.7], [1., 0., 0., 1.]),
       ([ 0.7, -0.7,  1.7], [1., 0., 0., 1.]),
       ([ 1.7, -1.7,  1.7], [1., 0., 0., 1.]),
       ([ 0.7, -0.7,  1.7], [1., 0., 0., 1.]),
       ([ 0.7, -1.7,  1.7], [1., 0., 0., 1.]),
       ([ 1.7, -1.7,  1.7], [1., 0., 0., 1.]),
       ([ 1.7, -0.7,  0.7], [0., 0., 1., 1.]),
       ([ 1.7, -0.7,  1.7], [0., 0., 1., 1.]),
       ([ 1.7, -1.7,  0.7], [0., 0., 1., 1.]),
       ([ 1.7, -0.7,  1.7], [0., 0., 1., 1.]),
       ([ 1.7, -1.7,  1.7], [0., 0., 1., 1.]),
       ([ 1.7, -1.7,  0.7], [0., 0., 1., 1.]),
       ([ 0.7, -0.7,  0.7], [0., 0., 0., 1.]),
       ([ 1.7, -0.7,  0.7], [0., 0., 0., 1.]),
       ([ 0.7, -1.7,  0.7], [0., 0., 0., 1.]),
       ([ 1.7, -0.7,  0.7], [0., 0., 0., 1.]),
       ([ 1.7, -1.7,  0.7], [0., 0., 0., 1.]),
       ([ 0.7, -1.7,  0.7], [0., 0., 0., 1.]),
       ([ 0.7, -0.7,  1.7], [0., 0., 0., 1.]),
       ([ 0.7, -0.7,  0.7], [0., 0., 0., 1.]),
       ([ 0.7, -1.7,  1.7], [0., 0., 0., 1.]),
       ([ 0.7, -0.7,  0.7], [0., 0., 0., 1.]),
       ([ 0.7, -1.7,  0.7], [0., 0., 0., 1.]),
       ([ 0.7, -1.7,  1.7], [0., 0., 0., 1.]),
       ([ 1.7, -0.7,  0.7], [0., 0., 0., 1.]),
       ([ 0.7, -0.7,  0.7], [0., 0., 0., 1.]),
       ([ 1.7, -0.7,  1.7], [0., 0., 0., 1.]),
       ([ 0.7, -0.7,  0.7], [0., 0., 0., 1.]),
       ([ 0.7, -0.7,  1.7], [0., 0., 0., 1.]),
       ([ 1.7, -0.7,  1.7], [0., 0., 0., 1.]),
       ([ 0.7, -1.7,  0.7], [1., 1., 0., 1.]),
       ([ 1.7, -1.7,  0.7], [1., 1., 0., 1.]),
       ([ 0.7, -1.7,  1.7], [1., 1., 0., 1.]),
       ([ 1.7, -1.7,  0.7], [1., 1., 0., 1.]),
       ([ 1.7, -1.7,  1.7], [1., 1., 0., 1.]),
       ([ 0.7, -1.7,  1.7], [1., 1., 0., 1.])],
      dtype=[('position', '<f4', (3,)), ('color', '<f4', (4,))]), array([([ 0.5, -0.7,  1.7], [1., 0., 0., 1.]),
       ([-0.5, -0.7,  1.7], [1., 0., 0., 1.]),
       ([ 0.5, -1.7,  1.7], [1., 0., 0., 1.]),
       ([-0.5, -0.7,  1.7], [1., 0., 0., 1.]),
       ([-0.5, -1.7,  1.7], [1., 0., 0., 1.]),
       ([ 0.5, -1.7,  1.7], [1., 0., 0., 1.]),
       ([ 0.5, -0.7,  0.7], [0., 0., 0., 1.]),
       ([ 0.5, -0.7,  1.7], [0., 0., 0., 1.]),
       ([ 0.5, -1.7,  0.7], [0., 0., 0., 1.]),
       ([ 0.5, -0.7,  1.7], [0., 0., 0., 1.]),
       ([ 0.5, -1.7,  1.7], [0., 0., 0., 1.]),
       ([ 0.5, -1.7,  0.7], [0., 0., 0., 1.]),
       ([-0.5, -0.7,  0.7], [0., 0., 0., 1.]),
       ([ 0.5, -0.7,  0.7], [0., 0., 0., 1.]),
       ([-0.5, -1.7,  0.7], [0., 0., 0., 1.]),
       ([ 0.5, -0.7,  0.7], [0., 0., 0., 1.]),
       ([ 0.5, -1.7,  0.7], [0., 0., 0., 1.]),
       ([-0.5, -1.7,  0.7], [0., 0., 0., 1.]),
       ([-0.5, -0.7,  1.7], [0., 0., 0., 1.]),
       ([-0.5, -0.7,  0.7], [0., 0., 0., 1.]),
       ([-0.5, -1.7,  1.7], [0., 0., 0., 1.]),
       ([-0.5, -0.7,  0.7], [0., 0., 0., 1.]),
       ([-0.5, -1.7,  0.7], [0., 0., 0., 1.]),
       ([-0.5, -1.7,  1.7], [0., 0., 0., 1.]),
       ([ 0.5, -0.7,  0.7], [0., 0., 0., 0.]),
       ([-0.5, -0.7,  0.7], [0., 0., 0., 0.]),
       ([ 0.5, -0.7,  1.7], [0., 0., 0., 1.]),
       ([-0.5, -0.7,  0.7], [0., 0., 0., 1.]),
       ([-0.5, -0.7,  1.7], [0., 0., 0., 1.]),
       ([ 0.5, -0.7,  1.7], [0., 0., 0., 1.]),
       ([-0.5, -1.7,  0.7], [1., 1., 0., 1.]),
       ([ 0.5, -1.7,  0.7], [1., 1., 0., 1.]),
       ([-0.5, -1.7,  1.7], [1., 1., 0., 1.]),
       ([ 0.5, -1.7,  0.7], [1., 1., 0., 1.]),
       ([ 0.5, -1.7,  1.7], [1., 1., 0., 1.]),
       ([-0.5, -1.7,  1.7], [1., 1., 0., 1.])],
      dtype=[('position', '<f4', (3,)), ('color', '<f4', (4,))]), array([([-0.7, -0.7,  1.7], [1., 0., 0., 1.]),
       ([-1.7, -0.7,  1.7], [1., 0., 0., 1.]),
       ([-0.7, -1.7,  1.7], [1., 0., 0., 1.]),
       ([-1.7, -0.7,  1.7], [1., 0., 0., 1.]),
       ([-1.7, -1.7,  1.7], [1., 0., 0., 1.]),
       ([-0.7, -1.7,  1.7], [1., 0., 0., 1.]),
       ([-0.7, -0.7,  0.7], [0., 0., 0., 1.]),
       ([-0.7, -0.7,  1.7], [0., 0., 0., 1.]),
       ([-0.7, -1.7,  0.7], [0., 0., 0., 1.]),
       ([-0.7, -0.7,  1.7], [0., 0., 0., 1.]),
       ([-0.7, -1.7,  1.7], [0., 0., 0., 1.]),
       ([-0.7, -1.7,  0.7], [0., 0., 0., 1.]),
       ([-1.7, -0.7,  0.7], [0., 0., 0., 1.]),
       ([-0.7, -0.7,  0.7], [0., 0., 0., 1.]),
       ([-1.7, -1.7,  0.7], [0., 0., 0., 1.]),
       ([-0.7, -0.7,  0.7], [0., 0., 0., 1.]),
       ([-0.7, -1.7,  0.7], [0., 0., 0., 1.]),
       ([-1.7, -1.7,  0.7], [0., 0., 0., 1.]),
       ([-1.7, -0.7,  1.7], [0., 1., 0., 1.]),
       ([-1.7, -0.7,  0.7], [0., 1., 0., 1.]),
       ([-1.7, -1.7,  1.7], [0., 1., 0., 1.]),
       ([-1.7, -0.7,  0.7], [0., 1., 0., 1.]),
       ([-1.7, -1.7,  0.7], [0., 1., 0., 1.]),
       ([-1.7, -1.7,  1.7], [0., 1., 0., 1.]),
       ([-0.7, -0.7,  0.7], [0., 0., 0., 0.]),
       ([-1.7, -0.7,  0.7], [0., 0., 0., 1.]),
       ([-0.7, -0.7,  1.7], [0., 0., 0., 1.]),
       ([-1.7, -0.7,  0.7], [0., 0., 0., 1.]),
       ([-1.7, -0.7,  1.7], [0., 0., 0., 1.]),
       ([-0.7, -0.7,  1.7], [0., 0., 0., 1.]),
       ([-1.7, -1.7,  0.7], [1., 1., 0., 1.]),
       ([-0.7, -1.7,  0.7], [1., 1., 0., 1.]),
       ([-1.7, -1.7,  1.7], [1., 1., 0., 1.]),
       ([-0.7, -1.7,  0.7], [1., 1., 0., 1.]),
       ([-0.7, -1.7,  1.7], [1., 1., 0., 1.]),
       ([-1.7, -1.7,  1.7], [1., 1., 0., 1.])],
      dtype=[('position', '<f4', (3,)), ('color', '<f4', (4,))]), array([([ 1.7,  1.7,  0.5], [0., 0., 0., 1.]),
       ([ 0.7,  1.7,  0.5], [0., 0., 0., 1.]),
       ([ 1.7,  0.7,  0.5], [0., 0., 0., 1.]),
       ([ 0.7,  1.7,  0.5], [0., 0., 0., 1.]),
       ([ 0.7,  0.7,  0.5], [0., 0., 0., 1.]),
       ([ 1.7,  0.7,  0.5], [0., 0., 0., 1.]),
       ([ 1.7,  1.7, -0.5], [0., 0., 1., 1.]),
       ([ 1.7,  1.7,  0.5], [0., 0., 1., 1.]),
       ([ 1.7,  0.7, -0.5], [0., 0., 1., 1.]),
       ([ 1.7,  1.7,  0.5], [0., 0., 1., 1.]),
       ([ 1.7,  0.7,  0.5], [0., 0., 1., 1.]),
       ([ 1.7,  0.7, -0.5], [0., 0., 1., 1.]),
       ([ 0.7,  1.7, -0.5], [0., 0., 0., 1.]),
       ([ 1.7,  1.7, -0.5], [0., 0., 0., 1.]),
       ([ 0.7,  0.7, -0.5], [0., 0., 0., 1.]),
       ([ 1.7,  1.7, -0.5], [0., 0., 0., 1.]),
       ([ 1.7,  0.7, -0.5], [0., 0., 0., 1.]),
       ([ 0.7,  0.7, -0.5], [0., 0., 0., 1.]),
       ([ 0.7,  1.7,  0.5], [0., 0., 0., 1.]),
       ([ 0.7,  1.7, -0.5], [0., 0., 0., 1.]),
       ([ 0.7,  0.7,  0.5], [0., 0., 0., 1.]),
       ([ 0.7,  1.7, -0.5], [0., 0., 0., 1.]),
       ([ 0.7,  0.7, -0.5], [0., 0., 0., 1.]),
       ([ 0.7,  0.7,  0.5], [0., 0., 0., 1.]),
       ([ 1.7,  1.7, -0.5], [1., 1., 1., 1.]),
       ([ 0.7,  1.7, -0.5], [1., 1., 1., 1.]),
       ([ 1.7,  1.7,  0.5], [1., 1., 1., 1.]),
       ([ 0.7,  1.7, -0.5], [1., 1., 1., 1.]),
       ([ 0.7,  1.7,  0.5], [1., 1., 1., 1.]),
       ([ 1.7,  1.7,  0.5], [1., 1., 1., 1.]),
       ([ 0.7,  0.7, -0.5], [0., 0., 0., 1.]),
       ([ 1.7,  0.7, -0.5], [0., 0., 0., 1.]),
       ([ 0.7,  0.7,  0.5], [0., 0., 0., 1.]),
       ([ 1.7,  0.7, -0.5], [0., 0., 0., 1.]),
       ([ 1.7,  0.7,  0.5], [0., 0., 0., 1.]),
       ([ 0.7,  0.7,  0.5], [0., 0., 0., 1.])],
      dtype=[('position', '<f4', (3,)), ('color', '<f4', (4,))]), array([([ 0.5,  1.7,  0.5], [0., 0., 0., 1.]),
       ([-0.5,  1.7,  0.5], [0., 0., 0., 1.]),
       ([ 0.5,  0.7,  0.5], [0., 0., 0., 1.]),
       ([-0.5,  1.7,  0.5], [0., 0., 0., 1.]),
       ([-0.5,  0.7,  0.5], [0., 0., 0., 1.]),
       ([ 0.5,  0.7,  0.5], [0., 0., 0., 1.]),
       ([ 0.5,  1.7, -0.5], [0., 0., 0., 1.]),
       ([ 0.5,  1.7,  0.5], [0., 0., 0., 1.]),
       ([ 0.5,  0.7, -0.5], [0., 0., 0., 1.]),
       ([ 0.5,  1.7,  0.5], [0., 0., 0., 1.]),
       ([ 0.5,  0.7,  0.5], [0., 0., 0., 1.]),
       ([ 0.5,  0.7, -0.5], [0., 0., 0., 1.]),
       ([-0.5,  1.7, -0.5], [0., 0., 0., 1.]),
       ([ 0.5,  1.7, -0.5], [0., 0., 0., 1.]),
       ([-0.5,  0.7, -0.5], [0., 0., 0., 1.]),
       ([ 0.5,  1.7, -0.5], [0., 0., 0., 1.]),
       ([ 0.5,  0.7, -0.5], [0., 0., 0., 1.]),
       ([-0.5,  0.7, -0.5], [0., 0., 0., 1.]),
       ([-0.5,  1.7,  0.5], [0., 0., 0., 1.]),
       ([-0.5,  1.7, -0.5], [0., 0., 0., 1.]),
       ([-0.5,  0.7,  0.5], [0., 0., 0., 1.]),
       ([-0.5,  1.7, -0.5], [0., 0., 0., 1.]),
       ([-0.5,  0.7, -0.5], [0., 0., 0., 1.]),
       ([-0.5,  0.7,  0.5], [0., 0., 0., 1.]),
       ([ 0.5,  1.7, -0.5], [1., 1., 1., 1.]),
       ([-0.5,  1.7, -0.5], [1., 1., 1., 1.]),
       ([ 0.5,  1.7,  0.5], [1., 1., 1., 1.]),
       ([-0.5,  1.7, -0.5], [1., 1., 1., 1.]),
       ([-0.5,  1.7,  0.5], [1., 1., 1., 1.]),
       ([ 0.5,  1.7,  0.5], [1., 1., 1., 1.]),
       ([-0.5,  0.7, -0.5], [0., 0., 0., 1.]),
       ([ 0.5,  0.7, -0.5], [0., 0., 0., 1.]),
       ([-0.5,  0.7,  0.5], [0., 0., 0., 1.]),
       ([ 0.5,  0.7, -0.5], [0., 0., 0., 1.]),
       ([ 0.5,  0.7,  0.5], [0., 0., 0., 1.]),
       ([-0.5,  0.7,  0.5], [0., 0., 0., 1.])],
      dtype=[('position', '<f4', (3,)), ('color', '<f4', (4,))]), array([([-0.7,  1.7,  0.5], [0., 0., 0., 1.]),
       ([-1.7,  1.7,  0.5], [0., 0., 0., 1.]),
       ([-0.7,  0.7,  0.5], [0., 0., 0., 1.]),
       ([-1.7,  1.7,  0.5], [0., 0., 0., 1.]),
       ([-1.7,  0.7,  0.5], [0., 0., 0., 1.]),
       ([-0.7,  0.7,  0.5], [0., 0., 0., 1.]),
       ([-0.7,  1.7, -0.5], [0., 0., 0., 1.]),
       ([-0.7,  1.7,  0.5], [0., 0., 0., 1.]),
       ([-0.7,  0.7, -0.5], [0., 0., 0., 1.]),
       ([-0.7,  1.7,  0.5], [0., 0., 0., 1.]),
       ([-0.7,  0.7,  0.5], [0., 0., 0., 1.]),
       ([-0.7,  0.7, -0.5], [0., 0., 0., 1.]),
       ([-1.7,  1.7, -0.5], [0., 0., 0., 1.]),
       ([-0.7,  1.7, -0.5], [0., 0., 0., 1.]),
       ([-1.7,  0.7, -0.5], [0., 0., 0., 1.]),
       ([-0.7,  1.7, -0.5], [0., 0., 0., 1.]),
       ([-0.7,  0.7, -0.5], [0., 0., 0., 1.]),
       ([-1.7,  0.7, -0.5], [0., 0., 0., 1.]),
       ([-1.7,  1.7,  0.5], [0., 1., 0., 1.]),
       ([-1.7,  1.7, -0.5], [0., 1., 0., 1.]),
       ([-1.7,  0.7,  0.5], [0., 1., 0., 1.]),
       ([-1.7,  1.7, -0.5], [0., 1., 0., 1.]),
       ([-1.7,  0.7, -0.5], [0., 1., 0., 1.]),
       ([-1.7,  0.7,  0.5], [0., 1., 0., 1.]),
       ([-0.7,  1.7, -0.5], [1., 1., 1., 1.]),
       ([-1.7,  1.7, -0.5], [1., 1., 1., 1.]),
       ([-0.7,  1.7,  0.5], [1., 1., 1., 1.]),
       ([-1.7,  1.7, -0.5], [1., 1., 1., 1.]),
       ([-1.7,  1.7,  0.5], [1., 1., 1., 1.]),
       ([-0.7,  1.7,  0.5], [1., 1., 1., 1.]),
       ([-1.7,  0.7, -0.5], [0., 0., 0., 1.]),
       ([-0.7,  0.7, -0.5], [0., 0., 0., 1.]),
       ([-1.7,  0.7,  0.5], [0., 0., 0., 1.]),
       ([-0.7,  0.7, -0.5], [0., 0., 0., 1.]),
       ([-0.7,  0.7,  0.5], [0., 0., 0., 1.]),
       ([-1.7,  0.7,  0.5], [0., 0., 0., 1.])],
      dtype=[('position', '<f4', (3,)), ('color', '<f4', (4,))]), array([([ 1.7,  0.5,  0.5], [0., 0., 0., 1.]),
       ([ 0.7,  0.5,  0.5], [0., 0., 0., 1.]),
       ([ 1.7, -0.5,  0.5], [0., 0., 0., 1.]),
       ([ 0.7,  0.5,  0.5], [0., 0., 0., 1.]),
       ([ 0.7, -0.5,  0.5], [0., 0., 0., 1.]),
       ([ 1.7, -0.5,  0.5], [0., 0., 0., 1.]),
       ([ 1.7,  0.5, -0.5], [0., 0., 1., 1.]),
       ([ 1.7,  0.5,  0.5], [0., 0., 1., 1.]),
       ([ 1.7, -0.5, -0.5], [0., 0., 1., 1.]),
       ([ 1.7,  0.5,  0.5], [0., 0., 1., 1.]),
       ([ 1.7, -0.5,  0.5], [0., 0., 1., 1.]),
       ([ 1.7, -0.5, -0.5], [0., 0., 1., 1.]),
       ([ 0.7,  0.5, -0.5], [0., 0., 0., 1.]),
       ([ 1.7,  0.5, -0.5], [0., 0., 0., 1.]),
       ([ 0.7, -0.5, -0.5], [0., 0., 0., 1.]),
       ([ 1.7,  0.5, -0.5], [0., 0., 0., 1.]),
       ([ 1.7, -0.5, -0.5], [0., 0., 0., 1.]),
       ([ 0.7, -0.5, -0.5], [0., 0., 0., 1.]),
       ([ 0.7,  0.5,  0.5], [0., 0., 0., 1.]),
       ([ 0.7,  0.5, -0.5], [0., 0., 0., 1.]),
       ([ 0.7, -0.5,  0.5], [0., 0., 0., 1.]),
       ([ 0.7,  0.5, -0.5], [0., 0., 0., 1.]),
       ([ 0.7, -0.5, -0.5], [0., 0., 0., 1.]),
       ([ 0.7, -0.5,  0.5], [0., 0., 0., 1.]),
       ([ 1.7,  0.5, -0.5], [0., 0., 0., 1.]),
       ([ 0.7,  0.5, -0.5], [0., 0., 0., 1.]),
       ([ 1.7,  0.5,  0.5], [0., 0., 0., 1.]),
       ([ 0.7,  0.5, -0.5], [0., 0., 0., 1.]),
       ([ 0.7,  0.5,  0.5], [0., 0., 0., 1.]),
       ([ 1.7,  0.5,  0.5], [0., 0., 0., 1.]),
       ([ 0.7, -0.5, -0.5], [0., 0., 0., 1.]),
       ([ 1.7, -0.5, -0.5], [0., 0., 0., 1.]),
       ([ 0.7, -0.5,  0.5], [0., 0., 0., 1.]),
       ([ 1.7, -0.5, -0.5], [0., 0., 0., 1.]),
       ([ 1.7, -0.5,  0.5], [0., 0., 0., 1.]),
       ([ 0.7, -0.5,  0.5], [0., 0., 0., 1.])],
      dtype=[('position', '<f4', (3,)), ('color', '<f4', (4,))]), array([([ 0.5,  0.5,  0.5], [0., 0., 0., 1.]),
       ([-0.5,  0.5,  0.5], [0., 0., 0., 1.]),
       ([ 0.5, -0.5,  0.5], [0., 0., 0., 1.]),
       ([-0.5,  0.5,  0.5], [0., 0., 0., 1.]),
       ([-0.5, -0.5,  0.5], [0., 0., 0., 1.]),
       ([ 0.5, -0.5,  0.5], [0., 0., 0., 1.]),
       ([ 0.5,  0.5, -0.5], [0., 0., 0., 1.]),
       ([ 0.5,  0.5,  0.5], [0., 0., 0., 1.]),
       ([ 0.5, -0.5, -0.5], [0., 0., 0., 1.]),
       ([ 0.5,  0.5,  0.5], [0., 0., 0., 1.]),
       ([ 0.5, -0.5,  0.5], [0., 0., 0., 1.]),
       ([ 0.5, -0.5, -0.5], [0., 0., 0., 1.]),
       ([-0.5,  0.5, -0.5], [0., 0., 0., 1.]),
       ([ 0.5,  0.5, -0.5], [0., 0., 0., 1.]),
       ([-0.5, -0.5, -0.5], [0., 0., 0., 1.]),
       ([ 0.5,  0.5, -0.5], [0., 0., 0., 1.]),
       ([ 0.5, -0.5, -0.5], [0., 0., 0., 1.]),
       ([-0.5, -0.5, -0.5], [0., 0., 0., 1.]),
       ([-0.5,  0.5,  0.5], [0., 0., 0., 1.]),
       ([-0.5,  0.5, -0.5], [0., 0., 0., 1.]),
       ([-0.5, -0.5,  0.5], [0., 0., 0., 1.]),
       ([-0.5,  0.5, -0.5], [0., 0., 0., 1.]),
       ([-0.5, -0.5, -0.5], [0., 0., 0., 1.]),
       ([-0.5, -0.5,  0.5], [0., 0., 0., 1.]),
       ([ 0.5,  0.5, -0.5], [0., 0., 0., 0.]),
       ([-0.5,  0.5, -0.5], [0., 0., 0., 0.]),
       ([ 0.5,  0.5,  0.5], [0., 0., 0., 1.]),
       ([-0.5,  0.5, -0.5], [0., 0., 0., 1.]),
       ([-0.5,  0.5,  0.5], [0., 0., 0., 1.]),
       ([ 0.5,  0.5,  0.5], [0., 0., 0., 1.]),
       ([-0.5, -0.5, -0.5], [0., 0., 0., 1.]),
       ([ 0.5, -0.5, -0.5], [0., 0., 0., 1.]),
       ([-0.5, -0.5,  0.5], [0., 0., 0., 1.]),
       ([ 0.5, -0.5, -0.5], [0., 0., 0., 1.]),
       ([ 0.5, -0.5,  0.5], [0., 0., 0., 1.]),
       ([-0.5, -0.5,  0.5], [0., 0., 0., 1.])],
      dtype=[('position', '<f4', (3,)), ('color', '<f4', (4,))]), array([([-0.7,  0.5,  0.5], [0., 0., 0., 1.]),
       ([-1.7,  0.5,  0.5], [0., 0., 0., 1.]),
       ([-0.7, -0.5,  0.5], [0., 0., 0., 1.]),
       ([-1.7,  0.5,  0.5], [0., 0., 0., 1.]),
       ([-1.7, -0.5,  0.5], [0., 0., 0., 1.]),
       ([-0.7, -0.5,  0.5], [0., 0., 0., 1.]),
       ([-0.7,  0.5, -0.5], [0., 0., 0., 1.]),
       ([-0.7,  0.5,  0.5], [0., 0., 0., 1.]),
       ([-0.7, -0.5, -0.5], [0., 0., 0., 1.]),
       ([-0.7,  0.5,  0.5], [0., 0., 0., 1.]),
       ([-0.7, -0.5,  0.5], [0., 0., 0., 1.]),
       ([-0.7, -0.5, -0.5], [0., 0., 0., 1.]),
       ([-1.7,  0.5, -0.5], [0., 0., 0., 1.]),
       ([-0.7,  0.5, -0.5], [0., 0., 0., 1.]),
       ([-1.7, -0.5, -0.5], [0., 0., 0., 1.]),
       ([-0.7,  0.5, -0.5], [0., 0., 0., 1.]),
       ([-0.7, -0.5, -0.5], [0., 0., 0., 1.]),
       ([-1.7, -0.5, -0.5], [0., 0., 0., 1.]),
       ([-1.7,  0.5,  0.5], [0., 1., 0., 1.]),
       ([-1.7,  0.5, -0.5], [0., 1., 0., 1.]),
       ([-1.7, -0.5,  0.5], [0., 1., 0., 1.]),
       ([-1.7,  0.5, -0.5], [0., 1., 0., 1.]),
       ([-1.7, -0.5, -0.5], [0., 1., 0., 1.]),
       ([-1.7, -0.5,  0.5], [0., 1., 0., 1.]),
       ([-0.7,  0.5, -0.5], [0., 0., 0., 0.]),
       ([-1.7,  0.5, -0.5], [0., 0., 0., 1.]),
       ([-0.7,  0.5,  0.5], [0., 0., 0., 1.]),
       ([-1.7,  0.5, -0.5], [0., 0., 0., 1.]),
       ([-1.7,  0.5,  0.5], [0., 0., 0., 1.]),
       ([-0.7,  0.5,  0.5], [0., 0., 0., 1.]),
       ([-1.7, -0.5, -0.5], [0., 0., 0., 1.]),
       ([-0.7, -0.5, -0.5], [0., 0., 0., 1.]),
       ([-1.7, -0.5,  0.5], [0., 0., 0., 1.]),
       ([-0.7, -0.5, -0.5], [0., 0., 0., 1.]),
       ([-0.7, -0.5,  0.5], [0., 0., 0., 1.]),
       ([-1.7, -0.5,  0.5], [0., 0., 0., 1.])],
      dtype=[('position', '<f4', (3,)), ('color', '<f4', (4,))]), array([([ 1.7, -0.7,  0.5], [0., 0., 0., 1.]),
       ([ 0.7, -0.7,  0.5], [0., 0., 0., 1.]),
       ([ 1.7, -1.7,  0.5], [0., 0., 0., 1.]),
       ([ 0.7, -0.7,  0.5], [0., 0., 0., 1.]),
       ([ 0.7, -1.7,  0.5], [0., 0., 0., 1.]),
       ([ 1.7, -1.7,  0.5], [0., 0., 0., 1.]),
       ([ 1.7, -0.7, -0.5], [0., 0., 1., 1.]),
       ([ 1.7, -0.7,  0.5], [0., 0., 1., 1.]),
       ([ 1.7, -1.7, -0.5], [0., 0., 1., 1.]),
       ([ 1.7, -0.7,  0.5], [0., 0., 1., 1.]),
       ([ 1.7, -1.7,  0.5], [0., 0., 1., 1.]),
       ([ 1.7, -1.7, -0.5], [0., 0., 1., 1.]),
       ([ 0.7, -0.7, -0.5], [0., 0., 0., 1.]),
       ([ 1.7, -0.7, -0.5], [0., 0., 0., 1.]),
       ([ 0.7, -1.7, -0.5], [0., 0., 0., 1.]),
       ([ 1.7, -0.7, -0.5], [0., 0., 0., 1.]),
       ([ 1.7, -1.7, -0.5], [0., 0., 0., 1.]),
       ([ 0.7, -1.7, -0.5], [0., 0., 0., 1.]),
       ([ 0.7, -0.7,  0.5], [0., 0., 0., 1.]),
       ([ 0.7, -0.7, -0.5], [0., 0., 0., 1.]),
       ([ 0.7, -1.7,  0.5], [0., 0., 0., 1.]),
       ([ 0.7, -0.7, -0.5], [0., 0., 0., 1.]),
       ([ 0.7, -1.7, -0.5], [0., 0., 0., 1.]),
       ([ 0.7, -1.7,  0.5], [0., 0., 0., 1.]),
       ([ 1.7, -0.7, -0.5], [0., 0., 0., 1.]),
       ([ 0.7, -0.7, -0.5], [0., 0., 0., 1.]),
       ([ 1.7, -0.7,  0.5], [0., 0., 0., 1.]),
       ([ 0.7, -0.7, -0.5], [0., 0., 0., 1.]),
       ([ 0.7, -0.7,  0.5], [0., 0., 0., 1.]),
       ([ 1.7, -0.7,  0.5], [0., 0., 0., 1.]),
       ([ 0.7, -1.7, -0.5], [1., 1., 0., 1.]),
       ([ 1.7, -1.7, -0.5], [1., 1., 0., 1.]),
       ([ 0.7, -1.7,  0.5], [1., 1., 0., 1.]),
       ([ 1.7, -1.7, -0.5], [1., 1., 0., 1.]),
       ([ 1.7, -1.7,  0.5], [1., 1., 0., 1.]),
       ([ 0.7, -1.7,  0.5], [1., 1., 0., 1.])],
      dtype=[('position', '<f4', (3,)), ('color', '<f4', (4,))]), array([([ 0.5, -0.7,  0.5], [0., 0., 0., 1.]),
       ([-0.5, -0.7,  0.5], [0., 0., 0., 1.]),
       ([ 0.5, -1.7,  0.5], [0., 0., 0., 1.]),
       ([-0.5, -0.7,  0.5], [0., 0., 0., 1.]),
       ([-0.5, -1.7,  0.5], [0., 0., 0., 1.]),
       ([ 0.5, -1.7,  0.5], [0., 0., 0., 1.]),
       ([ 0.5, -0.7, -0.5], [0., 0., 0., 1.]),
       ([ 0.5, -0.7,  0.5], [0., 0., 0., 1.]),
       ([ 0.5, -1.7, -0.5], [0., 0., 0., 1.]),
       ([ 0.5, -0.7,  0.5], [0., 0., 0., 1.]),
       ([ 0.5, -1.7,  0.5], [0., 0., 0., 1.]),
       ([ 0.5, -1.7, -0.5], [0., 0., 0., 1.]),
       ([-0.5, -0.7, -0.5], [0., 0., 0., 1.]),
       ([ 0.5, -0.7, -0.5], [0., 0., 0., 1.]),
       ([-0.5, -1.7, -0.5], [0., 0., 0., 1.]),
       ([ 0.5, -0.7, -0.5], [0., 0., 0., 1.]),
       ([ 0.5, -1.7, -0.5], [0., 0., 0., 1.]),
       ([-0.5, -1.7, -0.5], [0., 0., 0., 1.]),
       ([-0.5, -0.7,  0.5], [0., 0., 0., 1.]),
       ([-0.5, -0.7, -0.5], [0., 0., 0., 1.]),
       ([-0.5, -1.7,  0.5], [0., 0., 0., 1.]),
       ([-0.5, -0.7, -0.5], [0., 0., 0., 1.]),
       ([-0.5, -1.7, -0.5], [0., 0., 0., 1.]),
       ([-0.5, -1.7,  0.5], [0., 0., 0., 1.]),
       ([ 0.5, -0.7, -0.5], [0., 0., 0., 0.]),
       ([-0.5, -0.7, -0.5], [0., 0., 0., 0.]),
       ([ 0.5, -0.7,  0.5], [0., 0., 0., 1.]),
       ([-0.5, -0.7, -0.5], [0., 0., 0., 1.]),
       ([-0.5, -0.7,  0.5], [0., 0., 0., 1.]),
       ([ 0.5, -0.7,  0.5], [0., 0., 0., 1.]),
       ([-0.5, -1.7, -0.5], [1., 1., 0., 1.]),
       ([ 0.5, -1.7, -0.5], [1., 1., 0., 1.]),
       ([-0.5, -1.7,  0.5], [1., 1., 0., 1.]),
       ([ 0.5, -1.7, -0.5], [1., 1., 0., 1.]),
       ([ 0.5, -1.7,  0.5], [1., 1., 0., 1.]),
       ([-0.5, -1.7,  0.5], [1., 1., 0., 1.])],
      dtype=[('position', '<f4', (3,)), ('color', '<f4', (4,))]), array([([-0.7, -0.7,  0.5], [0., 0., 0., 1.]),
       ([-1.7, -0.7,  0.5], [0., 0., 0., 1.]),
       ([-0.7, -1.7,  0.5], [0., 0., 0., 1.]),
       ([-1.7, -0.7,  0.5], [0., 0., 0., 1.]),
       ([-1.7, -1.7,  0.5], [0., 0., 0., 1.]),
       ([-0.7, -1.7,  0.5], [0., 0., 0., 1.]),
       ([-0.7, -0.7, -0.5], [0., 0., 0., 1.]),
       ([-0.7, -0.7,  0.5], [0., 0., 0., 1.]),
       ([-0.7, -1.7, -0.5], [0., 0., 0., 1.]),
       ([-0.7, -0.7,  0.5], [0., 0., 0., 1.]),
       ([-0.7, -1.7,  0.5], [0., 0., 0., 1.]),
       ([-0.7, -1.7, -0.5], [0., 0., 0., 1.]),
       ([-1.7, -0.7, -0.5], [0., 0., 0., 1.]),
       ([-0.7, -0.7, -0.5], [0., 0., 0., 1.]),
       ([-1.7, -1.7, -0.5], [0., 0., 0., 1.]),
       ([-0.7, -0.7, -0.5], [0., 0., 0., 1.]),
       ([-0.7, -1.7, -0.5], [0., 0., 0., 1.]),
       ([-1.7, -1.7, -0.5], [0., 0., 0., 1.]),
       ([-1.7, -0.7,  0.5], [0., 1., 0., 1.]),
       ([-1.7, -0.7, -0.5], [0., 1., 0., 1.]),
       ([-1.7, -1.7,  0.5], [0., 1., 0., 1.]),
       ([-1.7, -0.7, -0.5], [0., 1., 0., 1.]),
       ([-1.7, -1.7, -0.5], [0., 1., 0., 1.]),
       ([-1.7, -1.7,  0.5], [0., 1., 0., 1.]),
       ([-0.7, -0.7, -0.5], [0., 0., 0., 0.]),
       ([-1.7, -0.7, -0.5], [0., 0., 0., 1.]),
       ([-0.7, -0.7,  0.5], [0., 0., 0., 1.]),
       ([-1.7, -0.7, -0.5], [0., 0., 0., 1.]),
       ([-1.7, -0.7,  0.5], [0., 0., 0., 1.]),
       ([-0.7, -0.7,  0.5], [0., 0., 0., 1.]),
       ([-1.7, -1.7, -0.5], [1., 1., 0., 1.]),
       ([-0.7, -1.7, -0.5], [1., 1., 0., 1.]),
       ([-1.7, -1.7,  0.5], [1., 1., 0., 1.]),
       ([-0.7, -1.7, -0.5], [1., 1., 0., 1.]),
       ([-0.7, -1.7,  0.5], [1., 1., 0., 1.]),
       ([-1.7, -1.7,  0.5], [1., 1., 0., 1.])],
      dtype=[('position', '<f4', (3,)), ('color', '<f4', (4,))]), array([([ 1.7,  1.7, -0.7], [0. , 0. , 0. , 1. ]),
       ([ 0.7,  1.7, -0.7], [0. , 0. , 0. , 1. ]),
       ([ 1.7,  0.7, -0.7], [0. , 0. , 0. , 1. ]),
       ([ 0.7,  1.7, -0.7], [0. , 0. , 0. , 1. ]),
       ([ 0.7,  0.7, -0.7], [0. , 0. , 0. , 1. ]),
       ([ 1.7,  0.7, -0.7], [0. , 0. , 0. , 1. ]),
       ([ 1.7,  1.7, -1.7], [0. , 0. , 1. , 1. ]),
       ([ 1.7,  1.7, -0.7], [0. , 0. , 1. , 1. ]),
       ([ 1.7,  0.7, -1.7], [0. , 0. , 1. , 1. ]),
       ([ 1.7,  1.7, -0.7], [0. , 0. , 1. , 1. ]),
       ([ 1.7,  0.7, -0.7], [0. , 0. , 1. , 1. ]),
       ([ 1.7,  0.7, -1.7], [0. , 0. , 1. , 1. ]),
       ([ 0.7,  1.7, -1.7], [1. , 0.5, 0. , 1. ]),
       ([ 1.7,  1.7, -1.7], [1. , 0.5, 0. , 1. ]),
       ([ 0.7,  0.7, -1.7], [1. , 0.5, 0. , 1. ]),
       ([ 1.7,  1.7, -1.7], [1. , 0.5, 0. , 1. ]),
       ([ 1.7,  0.7, -1.7], [1. , 0.5, 0. , 1. ]),
       ([ 0.7,  0.7, -1.7], [1. , 0.5, 0. , 1. ]),
       ([ 0.7,  1.7, -0.7], [0. , 0. , 0. , 1. ]),
       ([ 0.7,  1.7, -1.7], [0. , 0. , 0. , 1. ]),
       ([ 0.7,  0.7, -0.7], [0. , 0. , 0. , 1. ]),
       ([ 0.7,  1.7, -1.7], [0. , 0. , 0. , 1. ]),
       ([ 0.7,  0.7, -1.7], [0. , 0. , 0. , 1. ]),
       ([ 0.7,  0.7, -0.7], [0. , 0. , 0. , 1. ]),
       ([ 1.7,  1.7, -1.7], [1. , 1. , 1. , 1. ]),
       ([ 0.7,  1.7, -1.7], [1. , 1. , 1. , 1. ]),
       ([ 1.7,  1.7, -0.7], [1. , 1. , 1. , 1. ]),
       ([ 0.7,  1.7, -1.7], [1. , 1. , 1. , 1. ]),
       ([ 0.7,  1.7, -0.7], [1. , 1. , 1. , 1. ]),
       ([ 1.7,  1.7, -0.7], [1. , 1. , 1. , 1. ]),
       ([ 0.7,  0.7, -1.7], [0. , 0. , 0. , 1. ]),
       ([ 1.7,  0.7, -1.7], [0. , 0. , 0. , 1. ]),
       ([ 0.7,  0.7, -0.7], [0. , 0. , 0. , 1. ]),
       ([ 1.7,  0.7, -1.7], [0. , 0. , 0. , 1. ]),
       ([ 1.7,  0.7, -0.7], [0. , 0. , 0. , 1. ]),
       ([ 0.7,  0.7, -0.7], [0. , 0. , 0. , 1. ])],
      dtype=[('position', '<f4', (3,)), ('color', '<f4', (4,))]), array([([ 0.5,  1.7, -0.7], [0. , 0. , 0. , 1. ]),
       ([-0.5,  1.7, -0.7], [0. , 0. , 0. , 1. ]),
       ([ 0.5,  0.7, -0.7], [0. , 0. , 0. , 1. ]),
       ([-0.5,  1.7, -0.7], [0. , 0. , 0. , 1. ]),
       ([-0.5,  0.7, -0.7], [0. , 0. , 0. , 1. ]),
       ([ 0.5,  0.7, -0.7], [0. , 0. , 0. , 1. ]),
       ([ 0.5,  1.7, -1.7], [0. , 0. , 0. , 1. ]),
       ([ 0.5,  1.7, -0.7], [0. , 0. , 0. , 1. ]),
       ([ 0.5,  0.7, -1.7], [0. , 0. , 0. , 1. ]),
       ([ 0.5,  1.7, -0.7], [0. , 0. , 0. , 1. ]),
       ([ 0.5,  0.7, -0.7], [0. , 0. , 0. , 1. ]),
       ([ 0.5,  0.7, -1.7], [0. , 0. , 0. , 1. ]),
       ([-0.5,  1.7, -1.7], [1. , 0.5, 0. , 1. ]),
       ([ 0.5,  1.7, -1.7], [1. , 0.5, 0. , 1. ]),
       ([-0.5,  0.7, -1.7], [1. , 0.5, 0. , 1. ]),
       ([ 0.5,  1.7, -1.7], [1. , 0.5, 0. , 1. ]),
       ([ 0.5,  0.7, -1.7], [1. , 0.5, 0. , 1. ]),
       ([-0.5,  0.7, -1.7], [1. , 0.5, 0. , 1. ]),
       ([-0.5,  1.7, -0.7], [0. , 0. , 0. , 1. ]),
       ([-0.5,  1.7, -1.7], [0. , 0. , 0. , 1. ]),
       ([-0.5,  0.7, -0.7], [0. , 0. , 0. , 1. ]),
       ([-0.5,  1.7, -1.7], [0. , 0. , 0. , 1. ]),
       ([-0.5,  0.7, -1.7], [0. , 0. , 0. , 1. ]),
       ([-0.5,  0.7, -0.7], [0. , 0. , 0. , 1. ]),
       ([ 0.5,  1.7, -1.7], [1. , 1. , 1. , 1. ]),
       ([-0.5,  1.7, -1.7], [1. , 1. , 1. , 1. ]),
       ([ 0.5,  1.7, -0.7], [1. , 1. , 1. , 1. ]),
       ([-0.5,  1.7, -1.7], [1. , 1. , 1. , 1. ]),
       ([-0.5,  1.7, -0.7], [1. , 1. , 1. , 1. ]),
       ([ 0.5,  1.7, -0.7], [1. , 1. , 1. , 1. ]),
       ([-0.5,  0.7, -1.7], [0. , 0. , 0. , 1. ]),
       ([ 0.5,  0.7, -1.7], [0. , 0. , 0. , 1. ]),
       ([-0.5,  0.7, -0.7], [0. , 0. , 0. , 1. ]),
       ([ 0.5,  0.7, -1.7], [0. , 0. , 0. , 1. ]),
       ([ 0.5,  0.7, -0.7], [0. , 0. , 0. , 1. ]),
       ([-0.5,  0.7, -0.7], [0. , 0. , 0. , 1. ])],
      dtype=[('position', '<f4', (3,)), ('color', '<f4', (4,))]), array([([-0.7,  1.7, -0.7], [0. , 0. , 0. , 1. ]),
       ([-1.7,  1.7, -0.7], [0. , 0. , 0. , 1. ]),
       ([-0.7,  0.7, -0.7], [0. , 0. , 0. , 1. ]),
       ([-1.7,  1.7, -0.7], [0. , 0. , 0. , 1. ]),
       ([-1.7,  0.7, -0.7], [0. , 0. , 0. , 1. ]),
       ([-0.7,  0.7, -0.7], [0. , 0. , 0. , 1. ]),
       ([-0.7,  1.7, -1.7], [0. , 0. , 0. , 1. ]),
       ([-0.7,  1.7, -0.7], [0. , 0. , 0. , 1. ]),
       ([-0.7,  0.7, -1.7], [0. , 0. , 0. , 1. ]),
       ([-0.7,  1.7, -0.7], [0. , 0. , 0. , 1. ]),
       ([-0.7,  0.7, -0.7], [0. , 0. , 0. , 1. ]),
       ([-0.7,  0.7, -1.7], [0. , 0. , 0. , 1. ]),
       ([-1.7,  1.7, -1.7], [1. , 0.5, 0. , 1. ]),
       ([-0.7,  1.7, -1.7], [1. , 0.5, 0. , 1. ]),
       ([-1.7,  0.7, -1.7], [1. , 0.5, 0. , 1. ]),
       ([-0.7,  1.7, -1.7], [1. , 0.5, 0. , 1. ]),
       ([-0.7,  0.7, -1.7], [1. , 0.5, 0. , 1. ]),
       ([-1.7,  0.7, -1.7], [1. , 0.5, 0. , 1. ]),
       ([-1.7,  1.7, -0.7], [0. , 1. , 0. , 1. ]),
       ([-1.7,  1.7, -1.7], [0. , 1. , 0. , 1. ]),
       ([-1.7,  0.7, -0.7], [0. , 1. , 0. , 1. ]),
       ([-1.7,  1.7, -1.7], [0. , 1. , 0. , 1. ]),
       ([-1.7,  0.7, -1.7], [0. , 1. , 0. , 1. ]),
       ([-1.7,  0.7, -0.7], [0. , 1. , 0. , 1. ]),
       ([-0.7,  1.7, -1.7], [1. , 1. , 1. , 1. ]),
       ([-1.7,  1.7, -1.7], [1. , 1. , 1. , 1. ]),
       ([-0.7,  1.7, -0.7], [1. , 1. , 1. , 1. ]),
       ([-1.7,  1.7, -1.7], [1. , 1. , 1. , 1. ]),
       ([-1.7,  1.7, -0.7], [1. , 1. , 1. , 1. ]),
       ([-0.7,  1.7, -0.7], [1. , 1. , 1. , 1. ]),
       ([-1.7,  0.7, -1.7], [0. , 0. , 0. , 1. ]),
       ([-0.7,  0.7, -1.7], [0. , 0. , 0. , 1. ]),
       ([-1.7,  0.7, -0.7], [0. , 0. , 0. , 1. ]),
       ([-0.7,  0.7, -1.7], [0. , 0. , 0. , 1. ]),
       ([-0.7,  0.7, -0.7], [0. , 0. , 0. , 1. ]),
       ([-1.7,  0.7, -0.7], [0. , 0. , 0. , 1. ])],
      dtype=[('position', '<f4', (3,)), ('color', '<f4', (4,))]), array([([ 1.7,  0.5, -0.7], [0. , 0. , 0. , 1. ]),
       ([ 0.7,  0.5, -0.7], [0. , 0. , 0. , 1. ]),
       ([ 1.7, -0.5, -0.7], [0. , 0. , 0. , 1. ]),
       ([ 0.7,  0.5, -0.7], [0. , 0. , 0. , 1. ]),
       ([ 0.7, -0.5, -0.7], [0. , 0. , 0. , 1. ]),
       ([ 1.7, -0.5, -0.7], [0. , 0. , 0. , 1. ]),
       ([ 1.7,  0.5, -1.7], [0. , 0. , 1. , 1. ]),
       ([ 1.7,  0.5, -0.7], [0. , 0. , 1. , 1. ]),
       ([ 1.7, -0.5, -1.7], [0. , 0. , 1. , 1. ]),
       ([ 1.7,  0.5, -0.7], [0. , 0. , 1. , 1. ]),
       ([ 1.7, -0.5, -0.7], [0. , 0. , 1. , 1. ]),
       ([ 1.7, -0.5, -1.7], [0. , 0. , 1. , 1. ]),
       ([ 0.7,  0.5, -1.7], [1. , 0.5, 0. , 1. ]),
       ([ 1.7,  0.5, -1.7], [1. , 0.5, 0. , 1. ]),
       ([ 0.7, -0.5, -1.7], [1. , 0.5, 0. , 1. ]),
       ([ 1.7,  0.5, -1.7], [1. , 0.5, 0. , 1. ]),
       ([ 1.7, -0.5, -1.7], [1. , 0.5, 0. , 1. ]),
       ([ 0.7, -0.5, -1.7], [1. , 0.5, 0. , 1. ]),
       ([ 0.7,  0.5, -0.7], [0. , 0. , 0. , 1. ]),
       ([ 0.7,  0.5, -1.7], [0. , 0. , 0. , 1. ]),
       ([ 0.7, -0.5, -0.7], [0. , 0. , 0. , 1. ]),
       ([ 0.7,  0.5, -1.7], [0. , 0. , 0. , 1. ]),
       ([ 0.7, -0.5, -1.7], [0. , 0. , 0. , 1. ]),
       ([ 0.7, -0.5, -0.7], [0. , 0. , 0. , 1. ]),
       ([ 1.7,  0.5, -1.7], [0. , 0. , 0. , 1. ]),
       ([ 0.7,  0.5, -1.7], [0. , 0. , 0. , 1. ]),
       ([ 1.7,  0.5, -0.7], [0. , 0. , 0. , 1. ]),
       ([ 0.7,  0.5, -1.7], [0. , 0. , 0. , 1. ]),
       ([ 0.7,  0.5, -0.7], [0. , 0. , 0. , 1. ]),
       ([ 1.7,  0.5, -0.7], [0. , 0. , 0. , 1. ]),
       ([ 0.7, -0.5, -1.7], [0. , 0. , 0. , 1. ]),
       ([ 1.7, -0.5, -1.7], [0. , 0. , 0. , 1. ]),
       ([ 0.7, -0.5, -0.7], [0. , 0. , 0. , 1. ]),
       ([ 1.7, -0.5, -1.7], [0. , 0. , 0. , 1. ]),
       ([ 1.7, -0.5, -0.7], [0. , 0. , 0. , 1. ]),
       ([ 0.7, -0.5, -0.7], [0. , 0. , 0. , 1. ])],
      dtype=[('position', '<f4', (3,)), ('color', '<f4', (4,))]), array([([ 0.5,  0.5, -0.7], [0. , 0. , 0. , 1. ]),
       ([-0.5,  0.5, -0.7], [0. , 0. , 0. , 1. ]),
       ([ 0.5, -0.5, -0.7], [0. , 0. , 0. , 1. ]),
       ([-0.5,  0.5, -0.7], [0. , 0. , 0. , 1. ]),
       ([-0.5, -0.5, -0.7], [0. , 0. , 0. , 1. ]),
       ([ 0.5, -0.5, -0.7], [0. , 0. , 0. , 1. ]),
       ([ 0.5,  0.5, -1.7], [0. , 0. , 0. , 1. ]),
       ([ 0.5,  0.5, -0.7], [0. , 0. , 0. , 1. ]),
       ([ 0.5, -0.5, -1.7], [0. , 0. , 0. , 1. ]),
       ([ 0.5,  0.5, -0.7], [0. , 0. , 0. , 1. ]),
       ([ 0.5, -0.5, -0.7], [0. , 0. , 0. , 1. ]),
       ([ 0.5, -0.5, -1.7], [0. , 0. , 0. , 1. ]),
       ([-0.5,  0.5, -1.7], [1. , 0.5, 0. , 1. ]),
       ([ 0.5,  0.5, -1.7], [1. , 0.5, 0. , 1. ]),
       ([-0.5, -0.5, -1.7], [1. , 0.5, 0. , 1. ]),
       ([ 0.5,  0.5, -1.7], [1. , 0.5, 0. , 1. ]),
       ([ 0.5, -0.5, -1.7], [1. , 0.5, 0. , 1. ]),
       ([-0.5, -0.5, -1.7], [1. , 0.5, 0. , 1. ]),
       ([-0.5,  0.5, -0.7], [0. , 0. , 0. , 1. ]),
       ([-0.5,  0.5, -1.7], [0. , 0. , 0. , 1. ]),
       ([-0.5, -0.5, -0.7], [0. , 0. , 0. , 1. ]),
       ([-0.5,  0.5, -1.7], [0. , 0. , 0. , 1. ]),
       ([-0.5, -0.5, -1.7], [0. , 0. , 0. , 1. ]),
       ([-0.5, -0.5, -0.7], [0. , 0. , 0. , 1. ]),
       ([ 0.5,  0.5, -1.7], [0. , 0. , 0. , 0. ]),
       ([-0.5,  0.5, -1.7], [0. , 0. , 0. , 0. ]),
       ([ 0.5,  0.5, -0.7], [0. , 0. , 0. , 1. ]),
       ([-0.5,  0.5, -1.7], [0. , 0. , 0. , 1. ]),
       ([-0.5,  0.5, -0.7], [0. , 0. , 0. , 1. ]),
       ([ 0.5,  0.5, -0.7], [0. , 0. , 0. , 1. ]),
       ([-0.5, -0.5, -1.7], [0. , 0. , 0. , 1. ]),
       ([ 0.5, -0.5, -1.7], [0. , 0. , 0. , 1. ]),
       ([-0.5, -0.5, -0.7], [0. , 0. , 0. , 1. ]),
       ([ 0.5, -0.5, -1.7], [0. , 0. , 0. , 1. ]),
       ([ 0.5, -0.5, -0.7], [0. , 0. , 0. , 1. ]),
       ([-0.5, -0.5, -0.7], [0. , 0. , 0. , 1. ])],
      dtype=[('position', '<f4', (3,)), ('color', '<f4', (4,))]), array([([-0.7,  0.5, -0.7], [0. , 0. , 0. , 1. ]),
       ([-1.7,  0.5, -0.7], [0. , 0. , 0. , 1. ]),
       ([-0.7, -0.5, -0.7], [0. , 0. , 0. , 1. ]),
       ([-1.7,  0.5, -0.7], [0. , 0. , 0. , 1. ]),
       ([-1.7, -0.5, -0.7], [0. , 0. , 0. , 1. ]),
       ([-0.7, -0.5, -0.7], [0. , 0. , 0. , 1. ]),
       ([-0.7,  0.5, -1.7], [0. , 0. , 0. , 1. ]),
       ([-0.7,  0.5, -0.7], [0. , 0. , 0. , 1. ]),
       ([-0.7, -0.5, -1.7], [0. , 0. , 0. , 1. ]),
       ([-0.7,  0.5, -0.7], [0. , 0. , 0. , 1. ]),
       ([-0.7, -0.5, -0.7], [0. , 0. , 0. , 1. ]),
       ([-0.7, -0.5, -1.7], [0. , 0. , 0. , 1. ]),
       ([-1.7,  0.5, -1.7], [1. , 0.5, 0. , 1. ]),
       ([-0.7,  0.5, -1.7], [1. , 0.5, 0. , 1. ]),
       ([-1.7, -0.5, -1.7], [1. , 0.5, 0. , 1. ]),
       ([-0.7,  0.5, -1.7], [1. , 0.5, 0. , 1. ]),
       ([-0.7, -0.5, -1.7], [1. , 0.5, 0. , 1. ]),
       ([-1.7, -0.5, -1.7], [1. , 0.5, 0. , 1. ]),
       ([-1.7,  0.5, -0.7], [0. , 1. , 0. , 1. ]),
       ([-1.7,  0.5, -1.7], [0. , 1. , 0. , 1. ]),
       ([-1.7, -0.5, -0.7], [0. , 1. , 0. , 1. ]),
       ([-1.7,  0.5, -1.7], [0. , 1. , 0. , 1. ]),
       ([-1.7, -0.5, -1.7], [0. , 1. , 0. , 1. ]),
       ([-1.7, -0.5, -0.7], [0. , 1. , 0. , 1. ]),
       ([-0.7,  0.5, -1.7], [0. , 0. , 0. , 0. ]),
       ([-1.7,  0.5, -1.7], [0. , 0. , 0. , 1. ]),
       ([-0.7,  0.5, -0.7], [0. , 0. , 0. , 1. ]),
       ([-1.7,  0.5, -1.7], [0. , 0. , 0. , 1. ]),
       ([-1.7,  0.5, -0.7], [0. , 0. , 0. , 1. ]),
       ([-0.7,  0.5, -0.7], [0. , 0. , 0. , 1. ]),
       ([-1.7, -0.5, -1.7], [0. , 0. , 0. , 1. ]),
       ([-0.7, -0.5, -1.7], [0. , 0. , 0. , 1. ]),
       ([-1.7, -0.5, -0.7], [0. , 0. , 0. , 1. ]),
       ([-0.7, -0.5, -1.7], [0. , 0. , 0. , 1. ]),
       ([-0.7, -0.5, -0.7], [0. , 0. , 0. , 1. ]),
       ([-1.7, -0.5, -0.7], [0. , 0. , 0. , 1. ])],
      dtype=[('position', '<f4', (3,)), ('color', '<f4', (4,))]), array([([ 1.7, -0.7, -0.7], [0. , 0. , 0. , 1. ]),
       ([ 0.7, -0.7, -0.7], [0. , 0. , 0. , 1. ]),
       ([ 1.7, -1.7, -0.7], [0. , 0. , 0. , 1. ]),
       ([ 0.7, -0.7, -0.7], [0. , 0. , 0. , 1. ]),
       ([ 0.7, -1.7, -0.7], [0. , 0. , 0. , 1. ]),
       ([ 1.7, -1.7, -0.7], [0. , 0. , 0. , 1. ]),
       ([ 1.7, -0.7, -1.7], [0. , 0. , 1. , 1. ]),
       ([ 1.7, -0.7, -0.7], [0. , 0. , 1. , 1. ]),
       ([ 1.7, -1.7, -1.7], [0. , 0. , 1. , 1. ]),
       ([ 1.7, -0.7, -0.7], [0. , 0. , 1. , 1. ]),
       ([ 1.7, -1.7, -0.7], [0. , 0. , 1. , 1. ]),
       ([ 1.7, -1.7, -1.7], [0. , 0. , 1. , 1. ]),
       ([ 0.7, -0.7, -1.7], [1. , 0.5, 0. , 1. ]),
       ([ 1.7, -0.7, -1.7], [1. , 0.5, 0. , 1. ]),
       ([ 0.7, -1.7, -1.7], [1. , 0.5, 0. , 1. ]),
       ([ 1.7, -0.7, -1.7], [1. , 0.5, 0. , 1. ]),
       ([ 1.7, -1.7, -1.7], [1. , 0.5, 0. , 1. ]),
       ([ 0.7, -1.7, -1.7], [1. , 0.5, 0. , 1. ]),
       ([ 0.7, -0.7, -0.7], [0. , 0. , 0. , 1. ]),
       ([ 0.7, -0.7, -1.7], [0. , 0. , 0. , 1. ]),
       ([ 0.7, -1.7, -0.7], [0. , 0. , 0. , 1. ]),
       ([ 0.7, -0.7, -1.7], [0. , 0. , 0. , 1. ]),
       ([ 0.7, -1.7, -1.7], [0. , 0. , 0. , 1. ]),
       ([ 0.7, -1.7, -0.7], [0. , 0. , 0. , 1. ]),
       ([ 1.7, -0.7, -1.7], [0. , 0. , 0. , 1. ]),
       ([ 0.7, -0.7, -1.7], [0. , 0. , 0. , 1. ]),
       ([ 1.7, -0.7, -0.7], [0. , 0. , 0. , 1. ]),
       ([ 0.7, -0.7, -1.7], [0. , 0. , 0. , 1. ]),
       ([ 0.7, -0.7, -0.7], [0. , 0. , 0. , 1. ]),
       ([ 1.7, -0.7, -0.7], [0. , 0. , 0. , 1. ]),
       ([ 0.7, -1.7, -1.7], [1. , 1. , 0. , 1. ]),
       ([ 1.7, -1.7, -1.7], [1. , 1. , 0. , 1. ]),
       ([ 0.7, -1.7, -0.7], [1. , 1. , 0. , 1. ]),
       ([ 1.7, -1.7, -1.7], [1. , 1. , 0. , 1. ]),
       ([ 1.7, -1.7, -0.7], [1. , 1. , 0. , 1. ]),
       ([ 0.7, -1.7, -0.7], [1. , 1. , 0. , 1. ])],
      dtype=[('position', '<f4', (3,)), ('color', '<f4', (4,))]), array([([ 0.5, -0.7, -0.7], [0. , 0. , 0. , 1. ]),
       ([-0.5, -0.7, -0.7], [0. , 0. , 0. , 1. ]),
       ([ 0.5, -1.7, -0.7], [0. , 0. , 0. , 1. ]),
       ([-0.5, -0.7, -0.7], [0. , 0. , 0. , 1. ]),
       ([-0.5, -1.7, -0.7], [0. , 0. , 0. , 1. ]),
       ([ 0.5, -1.7, -0.7], [0. , 0. , 0. , 1. ]),
       ([ 0.5, -0.7, -1.7], [0. , 0. , 0. , 1. ]),
       ([ 0.5, -0.7, -0.7], [0. , 0. , 0. , 1. ]),
       ([ 0.5, -1.7, -1.7], [0. , 0. , 0. , 1. ]),
       ([ 0.5, -0.7, -0.7], [0. , 0. , 0. , 1. ]),
       ([ 0.5, -1.7, -0.7], [0. , 0. , 0. , 1. ]),
       ([ 0.5, -1.7, -1.7], [0. , 0. , 0. , 1. ]),
       ([-0.5, -0.7, -1.7], [1. , 0.5, 0. , 1. ]),
       ([ 0.5, -0.7, -1.7], [1. , 0.5, 0. , 1. ]),
       ([-0.5, -1.7, -1.7], [1. , 0.5, 0. , 1. ]),
       ([ 0.5, -0.7, -1.7], [1. , 0.5, 0. , 1. ]),
       ([ 0.5, -1.7, -1.7], [1. , 0.5, 0. , 1. ]),
       ([-0.5, -1.7, -1.7], [1. , 0.5, 0. , 1. ]),
       ([-0.5, -0.7, -0.7], [0. , 0. , 0. , 1. ]),
       ([-0.5, -0.7, -1.7], [0. , 0. , 0. , 1. ]),
       ([-0.5, -1.7, -0.7], [0. , 0. , 0. , 1. ]),
       ([-0.5, -0.7, -1.7], [0. , 0. , 0. , 1. ]),
       ([-0.5, -1.7, -1.7], [0. , 0. , 0. , 1. ]),
       ([-0.5, -1.7, -0.7], [0. , 0. , 0. , 1. ]),
       ([ 0.5, -0.7, -1.7], [0. , 0. , 0. , 0. ]),
       ([-0.5, -0.7, -1.7], [0. , 0. , 0. , 0. ]),
       ([ 0.5, -0.7, -0.7], [0. , 0. , 0. , 1. ]),
       ([-0.5, -0.7, -1.7], [0. , 0. , 0. , 1. ]),
       ([-0.5, -0.7, -0.7], [0. , 0. , 0. , 1. ]),
       ([ 0.5, -0.7, -0.7], [0. , 0. , 0. , 1. ]),
       ([-0.5, -1.7, -1.7], [1. , 1. , 0. , 1. ]),
       ([ 0.5, -1.7, -1.7], [1. , 1. , 0. , 1. ]),
       ([-0.5, -1.7, -0.7], [1. , 1. , 0. , 1. ]),
       ([ 0.5, -1.7, -1.7], [1. , 1. , 0. , 1. ]),
       ([ 0.5, -1.7, -0.7], [1. , 1. , 0. , 1. ]),
       ([-0.5, -1.7, -0.7], [1. , 1. , 0. , 1. ])],
      dtype=[('position', '<f4', (3,)), ('color', '<f4', (4,))]), array([([-0.7, -0.7, -0.7], [0. , 0. , 0. , 1. ]),
       ([-1.7, -0.7, -0.7], [0. , 0. , 0. , 1. ]),
       ([-0.7, -1.7, -0.7], [0. , 0. , 0. , 1. ]),
       ([-1.7, -0.7, -0.7], [0. , 0. , 0. , 1. ]),
       ([-1.7, -1.7, -0.7], [0. , 0. , 0. , 1. ]),
       ([-0.7, -1.7, -0.7], [0. , 0. , 0. , 1. ]),
       ([-0.7, -0.7, -1.7], [0. , 0. , 0. , 1. ]),
       ([-0.7, -0.7, -0.7], [0. , 0. , 0. , 1. ]),
       ([-0.7, -1.7, -1.7], [0. , 0. , 0. , 1. ]),
       ([-0.7, -0.7, -0.7], [0. , 0. , 0. , 1. ]),
       ([-0.7, -1.7, -0.7], [0. , 0. , 0. , 1. ]),
       ([-0.7, -1.7, -1.7], [0. , 0. , 0. , 1. ]),
       ([-1.7, -0.7, -1.7], [1. , 0.5, 0. , 1. ]),
       ([-0.7, -0.7, -1.7], [1. , 0.5, 0. , 1. ]),
       ([-1.7, -1.7, -1.7], [1. , 0.5, 0. , 1. ]),
       ([-0.7, -0.7, -1.7], [1. , 0.5, 0. , 1. ]),
       ([-0.7, -1.7, -1.7], [1. , 0.5, 0. , 1. ]),
       ([-1.7, -1.7, -1.7], [1. , 0.5, 0. , 1. ]),
       ([-1.7, -0.7, -0.7], [0. , 1. , 0. , 1. ]),
       ([-1.7, -0.7, -1.7], [0. , 1. , 0. , 1. ]),
       ([-1.7, -1.7, -0.7], [0. , 1. , 0. , 1. ]),
       ([-1.7, -0.7, -1.7], [0. , 1. , 0. , 1. ]),
       ([-1.7, -1.7, -1.7], [0. , 1. , 0. , 1. ]),
       ([-1.7, -1.7, -0.7], [0. , 1. , 0. , 1. ]),
       ([-0.7, -0.7, -1.7], [0. , 0. , 0. , 0. ]),
       ([-1.7, -0.7, -1.7], [0. , 0. , 0. , 1. ]),
       ([-0.7, -0.7, -0.7], [0. , 0. , 0. , 1. ]),
       ([-1.7, -0.7, -1.7], [0. , 0. , 0. , 1. ]),
       ([-1.7, -0.7, -0.7], [0. , 0. , 0. , 1. ]),
       ([-0.7, -0.7, -0.7], [0. , 0. , 0. , 1. ]),
       ([-1.7, -1.7, -1.7], [1. , 1. , 0. , 1. ]),
       ([-0.7, -1.7, -1.7], [1. , 1. , 0. , 1. ]),
       ([-1.7, -1.7, -0.7], [1. , 1. , 0. , 1. ]),
       ([-0.7, -1.7, -1.7], [1. , 1. , 0. , 1. ]),
       ([-0.7, -1.7, -0.7], [1. , 1. , 0. , 1. ]),
       ([-1.7, -1.7, -0.7], [1. , 1. , 0. , 1. ])],
      dtype=[('position', '<f4', (3,)), ('color', '<f4', (4,))])]
