
[array([([-0.6956, -0.6956, -0.6304], [0. , 0. , 0. , 1. ]),
       ([-1.6304, -0.6956, -0.6304], [0. , 0. , 0. , 1. ]),
       ([-1.6304, -1.6304, -0.6304], [0. , 0. , 0. , 1. ]),
       ([-0.6956, -0.6956, -0.6304], [0. , 0. , 0. , 1. ]),
       ([-1.6304, -1.6304, -0.6304], [0. , 0. , 0. , 1. ]),
       ([-0.6956, -1.6304, -0.6304], [0. , 0. , 0. , 1. ]),
       ([-0.6304, -0.6956, -1.6304], [0. , 0. , 0. , 1. ]),
       ([-0.6304, -0.6956, -0.6956], [0. , 0. , 0. , 1. ]),
       ([-0.6304, -1.6304, -0.6956], [0. , 0. , 0. , 1. ]),
       ([-0.6304, -0.6956, -1.6304], [0. , 0. , 0. , 1. ]),
       ([-0.6304, -1.6304, -0.6956], [0. , 0. , 0. , 1. ]),
       ([-0.6304, -1.6304, -1.6304], [0. , 0. , 0. , 1. ]),
       ([-1.6304, -0.6956, -1.6956], [1. , 0.5, 0. , 1. ]),
       ([-0.6956, -0.6956, -1.6956], [1. , 0.5, 0. , 1. ]),
       ([-0.6956, -1.6304, -1.6956], [1. , 0.5, 0. , 1. ]),
       ([-1.6304, -0.6956, -1.6956], [1. , 0.5, 0. , 1. ]),
       ([-0.6956, -1.6304, -1.6956], [1. , 0.5, 0. , 1. ]),
       ([-1.6304, -1.6304, -1.6956], [1. , 0.5, 0. , 1. ]),
       ([-1.6956, -0.6956, -0.6956], [0. , 1. , 0. , 1. ]),
       ([-1.6956, -0.6956, -1.6304], [0. , 1. , 0. , 1. ]),
       ([-1.6956, -1.6304, -1.6304], [0. , 1. , 0. , 1. ]),
       ([-1.6956, -0.6956, -0.6956], [0. , 1. , 0. , 1. ]),
       ([-1.6956, -1.6304, -1.6304], [0. , 1. , 0. , 1. ]),
       ([-1.6956, -1.6304, -0.6956], [0. , 1. , 0. , 1. ]),
       ([-0.6956, -0.6304, -1.6304], [0. , 0. , 0. , 0. ]),
       ([-1.6304, -0.6304, -1.6304], [0. , 0. , 0. , 1. ]),
       ([-1.6304, -0.6304, -0.6956], [0. , 0. , 0. , 1. ]),
       ([-0.6956, -0.6304, -1.6304], [0. , 0. , 0. , 1. ]),
       ([-1.6304, -0.6304, -0.6956], [0. , 0. , 0. , 1. ]),
       ([-0.6956, -0.6304, -0.6956], [0. , 0. , 0. , 1. ]),
       ([-1.6304, -1.6956, -1.6304], [1. , 1. , 0. , 1. ]),
       ([-0.6956, -1.6956, -1.6304], [1. , 1. , 0. , 1. ]),
       ([-0.6956, -1.6956, -0.6956], [1. , 1. , 0. , 1. ]),
       ([-1.6304, -1.6956, -1.6304], [1. , 1. , 0. , 1. ]),
       ([-0.6956, -1.6956, -0.6956], [1. , 1. , 0. , 1. ]),
       ([-1.6304, -1.6956, -0.6956], [1. , 1. , 0. , 1. ])],
      dtype=[('position', '<f4', (3,)), ('color', '<f4', (4,))]), array([([-0.6956, -0.6956, -0.6304], [0. , 0. , 0. , 1. ]),
       ([-1.6304, -0.6956, -0.6304], [0. , 0. , 0. , 1. ]),
       ([-1.6304, -1.6304, -0.6304], [0. , 0. , 0. , 1. ]),
       ([-0.6956, -0.6956, -0.6304], [0. , 0. , 0. , 1. ]),
       ([-1.6304, -1.6304, -0.6304], [0. , 0. , 0. , 1. ]),
       ([-0.6956, -1.6304, -0.6304], [0. , 0. , 0. , 1. ]),
       ([-0.6304, -0.6956, -1.6304], [0. , 0. , 0. , 1. ]),
       ([-0.6304, -0.6956, -0.6956], [0. , 0. , 0. , 1. ]),
       ([-0.6304, -1.6304, -0.6956], [0. , 0. , 0. , 1. ]),
       ([-0.6304, -0.6956, -1.6304], [0. , 0. , 0. , 1. ]),
       ([-0.6304, -1.6304, -0.6956], [0. , 0. , 0. , 1. ]),
       ([-0.6304, -1.6304, -1.6304], [0. , 0. , 0. , 1. ]),
       ([-1.6304, -0.6956, -1.6956], [1. , 0.5, 0. , 1. ]),
       ([-0.6956, -0.6956, -1.6956], [1. , 0.5, 0. , 1. ]),
       ([-0.6956, -1.6304, -1.6956], [1. , 0.5, 0. , 1. ]),
       ([-1.6304, -0.6956, -1.6956], [1. , 0.5, 0. , 1. ]),
       ([-0.6956, -1.6304, -1.6956], [1. , 0.5, 0. , 1. ]),
       ([-1.6304, -1.6304, -1.6956], [1. , 0.5, 0. , 1. ]),
       ([-1.6956, -0.6956, -0.6956], [0. , 1. , 0. , 1. ]),
       ([-1.6956, -0.6956, -1.6304], [0. , 1. , 0. , 1. ]),
       ([-1.6956, -1.6304, -1.6304], [0. , 1. , 0. , 1. ]),
       ([-1.6956, -0.6956, -0.6956], [0. , 1. , 0. , 1. ]),
       ([-1.6956, -1.6304, -1.6304], [0. , 1. , 0. , 1. ]),
       ([-1.6956, -1.6304, -0.6956], [0. , 1. , 0. , 1. ]),
       ([-0.6956, -0.6304, -1.6304], [0. , 0. , 0. , 0. ]),
       ([-1.6304, -0.6304, -1.6304], [0. , 0. , 0. , 1. ]),
       ([-1.6304, -0.6304, -0.6956], [0. , 0. , 0. , 1. ]),
       ([-0.6956, -0.6304, -1.6304], [0. , 0. , 0. , 1. ]),
       ([-1.6304, -0.6304, -0.6956], [0. , 0. , 0. , 1. ]),
       ([-0.6956, -0.6304, -0.6956], [0. , 0. , 0. , 1. ]),
       ([-1.6304, -1.6956, -1.6304], [1. , 1. , 0. , 1. ]),
       ([-0.6956, -1.6956, -1.6304], [1. , 1. , 0. , 1. ]),
       ([-0.6956, -1.6956, -0.6956], [1. , 1. , 0. , 1. ]),
       ([-1.6304, -1.6956, -1.6304], [1. , 1. , 0. , 1. ]),
       ([-0.6956, -1.6956, -0.6956], [1. , 1. , 0. , 1. ]),
       ([-1.6304, -1.6956, -0.6956], [1. , 1. , 0. , 1. ])],
      dtype=[('position', '<f4', (3,)), ('color', '<f4', (4,))]), array([([-0.6956, -0.6956, -0.6304], [0. , 0. , 0. , 1. ]),
       ([-1.6304, -0.6956, -0.6304], [0. , 0. , 0. , 1. ]),
       ([-1.6304, -1.6304, -0.6304], [0. , 0. , 0. , 1. ]),
       ([-0.6956, -0.6956, -0.6304], [0. , 0. , 0. , 1. ]),
       ([-1.6304, -1.6304, -0.6304], [0. , 0. , 0. , 1. ]),
       ([-0.6956, -1.6304, -0.6304], [0. , 0. , 0. , 1. ]),
       ([-0.6304, -0.6956, -1.6304], [0. , 0. , 0. , 1. ]),
       ([-0.6304, -0.6956, -0.6956], [0. , 0. , 0. , 1. ]),
       ([-0.6304, -1.6304, -0.6956], [0. , 0. , 0. , 1. ]),
       ([-0.6304, -0.6956, -1.6304], [0. , 0. , 0. , 1. ]),
       ([-0.6304, -1.6304, -0.6956], [0. , 0. , 0. , 1. ]),
       ([-0.6304, -1.6304, -1.6304], [0. , 0. , 0. , 1. ]),
       ([-1.6304, -0.6956, -1.6956], [1. , 0.5, 0. , 1. ]),
       ([-0.6956, -0.6956, -1.6956], [1. , 0.5, 0. , 1. ]),
       ([-0.6956, -1.6304, -1.6956], [1. , 0.5, 0. , 1. ]),
       ([-1.6304, -0.6956, -1.6956], [1. , 0.5, 0. , 1. ]),
       ([-0.6956, -1.6304, -1.6956], [1. , 0.5, 0. , 1. ]),
       ([-1.6304, -1.6304, -1.6956], [1. , 0.5, 0. , 1. ]),
       ([-1.6956, -0.6956, -0.6956], [0. , 1. , 0. , 1. ]),
       ([-1.6956, -0.6956, -1.6304], [0. , 1. , 0. , 1. ]),
       ([-1.6956, -1.6304, -1.6304], [0. , 1. , 0. , 1. ]),
       ([-1.6956, -0.6956, -0.6956], [0. , 1. , 0. , 1. ]),
       ([-1.6956, -1.6304, -1.6304], [0. , 1. , 0. , 1. ]),
       ([-1.6956, -1.6304, -0.6956], [0. , 1. , 0. , 1. ]),
       ([-0.6956, -0.6304, -1.6304], [0. , 0. , 0. , 0. ]),
       ([-1.6304, -0.6304, -1.6304], [0. , 0. , 0. , 1. ]),
       ([-1.6304, -0.6304, -0.6956], [0. , 0. , 0. , 1. ]),
       ([-0.6956, -0.6304, -1.6304], [0. , 0. , 0. , 1. ]),
       ([-1.6304, -0.6304, -0.6956], [0. , 0. , 0. , 1. ]),
       ([-0.6956, -0.6304, -0.6956], [0. , 0. , 0. , 1. ]),
       ([-1.6304, -1.6956, -1.6304], [1. , 1. , 0. , 1. ]),
       ([-0.6956, -1.6956, -1.6304], [1. , 1. , 0. , 1. ]),
       ([-0.6956, -1.6956, -0.6956], [1. , 1. , 0. , 1. ]),
       ([-1.6304, -1.6956, -1.6304], [1. , 1. , 0. , 1. ]),
       ([-0.6956, -1.6956, -0.6956], [1. , 1. , 0. , 1. ]),
       ([-1.6304, -1.6956, -0.6956], [1. , 1. , 0. , 1. ])],
      dtype=[('position', '<f4', (3,)), ('color', '<f4', (4,))]), array([([-0.6956, -0.6956, -0.6304], [0. , 0. , 0. , 1. ]),
       ([-1.6304, -0.6956, -0.6304], [0. , 0. , 0. , 1. ]),
       ([-1.6304, -1.6304, -0.6304], [0. , 0. , 0. , 1. ]),
       ([-0.6956, -0.6956, -0.6304], [0. , 0. , 0. , 1. ]),
       ([-1.6304, -1.6304, -0.6304], [0. , 0. , 0. , 1. ]),
       ([-0.6956, -1.6304, -0.6304], [0. , 0. , 0. , 1. ]),
       ([-0.6304, -0.6956, -1.6304], [0. , 0. , 0. , 1. ]),
       ([-0.6304, -0.6956, -0.6956], [0. , 0. , 0. , 1. ]),
       ([-0.6304, -1.6304, -0.6956], [0. , 0. , 0. , 1. ]),
       ([-0.6304, -0.6956, -1.6304], [0. , 0. , 0. , 1. ]),
       ([-0.6304, -1.6304, -0.6956], [0. , 0. , 0. , 1. ]),
       ([-0.6304, -1.6304, -1.6304], [0. , 0. , 0. , 1. ]),
       ([-1.6304, -0.6956, -1.6956], [1. , 0.5, 0. , 1. ]),
       ([-0.6956, -0.6956, -1.6956], [1. , 0.5, 0. , 1. ]),
       ([-0.6956, -1.6304, -1.6956], [1. , 0.5, 0. , 1. ]),
       ([-1.6304, -0.6956, -1.6956], [1. , 0.5, 0. , 1. ]),
       ([-0.6956, -1.6304, -1.6956], [1. , 0.5, 0. , 1. ]),
       ([-1.6304, -1.6304, -1.6956], [1. , 0.5, 0. , 1. ]),
       ([-1.6956, -0.6956, -0.6956], [0. , 1. , 0. , 1. ]),
       ([-1.6956, -0.6956, -1.6304], [0. , 1. , 0. , 1. ]),
       ([-1.6956, -1.6304, -1.6304], [0. , 1. , 0. , 1. ]),
       ([-1.6956, -0.6956, -0.6956], [0. , 1. , 0. , 1. ]),
       ([-1.6956, -1.6304, -1.6304], [0. , 1. , 0. , 1. ]),
       ([-1.6956, -1.6304, -0.6956], [0. , 1. , 0. , 1. ]),
       ([-0.6956, -0.6304, -1.6304], [0. , 0. , 0. , 0. ]),
       ([-1.6304, -0.6304, -1.6304], [0. , 0. , 0. , 1. ]),
       ([-1.6304, -0.6304, -0.6956], [0. , 0. , 0. , 1. ]),
       ([-0.6956, -0.6304, -1.6304], [0. , 0. , 0. , 1. ]),
       ([-1.6304, -0.6304, -0.6956], [0. , 0. , 0. , 1. ]),
       ([-0.6956, -0.6304, -0.6956], [0. , 0. , 0. , 1. ]),
       ([-1.6304, -1.6956, -1.6304], [1. , 1. , 0. , 1. ]),
       ([-0.6956, -1.6956, -1.6304], [1. , 1. , 0. , 1. ]),
       ([-0.6956, -1.6956, -0.6956], [1. , 1. , 0. , 1. ]),
       ([-1.6304, -1.6956, -1.6304], [1. , 1. , 0. , 1. ]),
       ([-0.6956, -1.6956, -0.6956], [1. , 1. , 0. , 1. ]),
       ([-1.6304, -1.6956, -0.6956], [1. , 1. , 0. , 1. ])],
      dtype=[('position', '<f4', (3,)), ('color', '<f4', (4,))]), array([([-0.6956, -0.6956, -0.6304], [0. , 0. , 0. , 1. ]),
       ([-1.6304, -0.6956, -0.6304], [0. , 0. , 0. , 1. ]),
       ([-1.6304, -1.6304, -0.6304], [0. , 0. , 0. , 1. ]),
       ([-0.6956, -0.6956, -0.6304], [0. , 0. , 0. , 1. ]),
       ([-1.6304, -1.6304, -0.6304], [0. , 0. , 0. , 1. ]),
       ([-0.6956, -1.6304, -0.6304], [0. , 0. , 0. , 1. ]),
       ([-0.6304, -0.6956, -1.6304], [0. , 0. , 0. , 1. ]),
       ([-0.6304, -0.6956, -0.6956], [0. , 0. , 0. , 1. ]),
       ([-0.6304, -1.6304, -0.6956], [0. , 0. , 0. , 1. ]),
       ([-0.6304, -0.6956, -1.6304], [0. , 0. , 0. , 1. ]),
       ([-0.6304, -1.6304, -0.6956], [0. , 0. , 0. , 1. ]),
       ([-0.6304, -1.6304, -1.6304], [0. , 0. , 0. , 1. ]),
       ([-1.6304, -0.6956, -1.6956], [1. , 0.5, 0. , 1. ]),
       ([-0.6956, -0.6956, -1.6956], [1. , 0.5, 0. , 1. ]),
       ([-0.6956, -1.6304, -1.6956], [1. , 0.5, 0. , 1. ]),
       ([-1.6304, -0.6956, -1.6956], [1. , 0.5, 0. , 1. ]),
       ([-0.6956, -1.6304, -1.6956], [1. , 0.5, 0. , 1. ]),
       ([-1.6304, -1.6304, -1.6956], [1. , 0.5, 0. , 1. ]),
       ([-1.6956, -0.6956, -0.6956], [0. , 1. , 0. , 1. ]),
       ([-1.6956, -0.6956, -1.6304], [0. , 1. , 0. , 1. ]),
       ([-1.6956, -1.6304, -1.6304], [0. , 1. , 0. , 1. ]),
       ([-1.6956, -0.6956, -0.6956], [0. , 1. , 0. , 1. ]),
       ([-1.6956, -1.6304, -1.6304], [0. , 1. , 0. , 1. ]),
       ([-1.6956, -1.6304, -0.6956], [0. , 1. , 0. , 1. ]),
       ([-0.6956, -0.6304, -1.6304], [0. , 0. , 0. , 0. ]),
       ([-1.6304, -0.6304, -1.6304], [0. , 0. , 0. , 1. ]),
       ([-1.6304, -0.6304, -0.6956], [0. , 0. , 0. , 1. ]),
       ([-0.6956, -0.6304, -1.6304], [0. , 0. , 0. , 1. ]),
       ([-1.6304, -0.6304, -0.6956], [0. , 0. , 0. , 1. ]),
       ([-0.6956, -0.6304, -0.6956], [0. , 0. , 0. , 1. ]),
       ([-1.6304, -1.6956, -1.6304], [1. , 1. , 0. , 1. ]),
       ([-0.6956, -1.6956, -1.6304], [1. , 1. , 0. , 1. ]),
       ([-0.6956, -1.6956, -0.6956], [1. , 1. , 0. , 1. ]),
       ([-1.6304, -1.6956, -1.6304], [1. , 1. , 0. , 1. ]),
       ([-0.6956, -1.6956, -0.6956], [1. , 1. , 0. , 1. ]),
       ([-1.6304, -1.6956, -0.6956], [1. , 1. , 0. , 1. ])],
      dtype=[('position', '<f4', (3,)), ('color', '<f4', (4,))]), array([([-0.6956, -0.6956, -0.6304], [0. , 0. , 0. , 1. ]),
       ([-1.6304, -0.6956, -0.6304], [0. , 0. , 0. , 1. ]),
       ([-1.6304, -1.6304, -0.6304], [0. , 0. , 0. , 1. ]),
       ([-0.6956, -0.6956, -0.6304], [0. , 0. , 0. , 1. ]),
       ([-1.6304, -1.6304, -0.6304], [0. , 0. , 0. , 1. ]),
       ([-0.6956, -1.6304, -0.6304], [0. , 0. , 0. , 1. ]),
       ([-0.6304, -0.6956, -1.6304], [0. , 0. , 0. , 1. ]),
       ([-0.6304, -0.6956, -0.6956], [0. , 0. , 0. , 1. ]),
       ([-0.6304, -1.6304, -0.6956], [0. , 0. , 0. , 1. ]),
       ([-0.6304, -0.6956, -1.6304], [0. , 0. , 0. , 1. ]),
       ([-0.6304, -1.6304, -0.6956], [0. , 0. , 0. , 1. ]),
       ([-0.6304, -1.6304, -1.6304], [0. , 0. , 0. , 1. ]),
       ([-1.6304, -0.6956, -1.6956], [1. , 0.5, 0. , 1. ]),
       ([-0.6956, -0.6956, -1.6956], [1. , 0.5, 0. , 1. ]),
       ([-0.6956, -1.6304, -1.6956], [1. , 0.5, 0. , 1. ]),
       ([-1.6304, -0.6956, -1.6956], [1. , 0.5, 0. , 1. ]),
       ([-0.6956, -1.6304, -1.6956], [1. , 0.5, 0. , 1. ]),
       ([-1.6304, -1.6304, -1.6956], [1. , 0.5, 0. , 1. ]),
       ([-1.6956, -0.6956, -0.6956], [0. , 1. , 0. , 1. ]),
       ([-1.6956, -0.6956, -1.6304], [0. , 1. , 0. , 1. ]),
       ([-1.6956, -1.6304, -1.6304], [0. , 1. , 0. , 1. ]),
       ([-1.6956, -0.6956, -0.6956], [0. , 1. , 0. , 1. ]),
       ([-1.6956, -1.6304, -1.6304], [0. , 1. , 0. , 1. ]),
       ([-1.6956, -1.6304, -0.6956], [0. , 1. , 0. , 1. ]),
       ([-0.6956, -0.6304, -1.6304], [0. , 0. , 0. , 0. ]),
       ([-1.6304, -0.6304, -1.6304], [0. , 0. , 0. , 1. ]),
       ([-1.6304, -0.6304, -0.6956], [0. , 0. , 0. , 1. ]),
       ([-0.6956, -0.6304, -1.6304], [0. , 0. , 0. , 1. ]),
       ([-1.6304, -0.6304, -0.6956], [0. , 0. , 0. , 1. ]),
       ([-0.6956, -0.6304, -0.6956], [0. , 0. , 0. , 1. ]),
       ([-1.6304, -1.6956, -1.6304], [1. , 1. , 0. , 1. ]),
       ([-0.6956, -1.6956, -1.6304], [1. , 1. , 0. , 1. ]),
       ([-0.6956, -1.6956, -0.6956], [1. , 1. , 0. , 1. ]),
       ([-1.6304, -1.6956, -1.6304], [1. , 1. , 0. , 1. ]),
       ([-0.6956, -1.6956, -0.6956], [1. , 1. , 0. , 1. ]),
       ([-1.6304, -1.6956, -0.6956], [1. , 1. , 0. , 1. ])],
      dtype=[('position', '<f4', (3,)), ('color', '<f4', (4,))]), array([([-0.6956, -0.6956, -0.6304], [0. , 0. , 0. , 1. ]),
       ([-1.6304, -0.6956, -0.6304], [0. , 0. , 0. , 1. ]),
       ([-1.6304, -1.6304, -0.6304], [0. , 0. , 0. , 1. ]),
       ([-0.6956, -0.6956, -0.6304], [0. , 0. , 0. , 1. ]),
       ([-1.6304, -1.6304, -0.6304], [0. , 0. , 0. , 1. ]),
       ([-0.6956, -1.6304, -0.6304], [0. , 0. , 0. , 1. ]),
       ([-0.6304, -0.6956, -1.6304], [0. , 0. , 0. , 1. ]),
       ([-0.6304, -0.6956, -0.6956], [0. , 0. , 0. , 1. ]),
       ([-0.6304, -1.6304, -0.6956], [0. , 0. , 0. , 1. ]),
       ([-0.6304, -0.6956, -1.6304], [0. , 0. , 0. , 1. ]),
       ([-0.6304, -1.6304, -0.6956], [0. , 0. , 0. , 1. ]),
       ([-0.6304, -1.6304, -1.6304], [0. , 0. , 0. , 1. ]),
       ([-1.6304, -0.6956, -1.6956], [1. , 0.5, 0. , 1. ]),
       ([-0.6956, -0.6956, -1.6956], [1. , 0.5, 0. , 1. ]),
       ([-0.6956, -1.6304, -1.6956], [1. , 0.5, 0. , 1. ]),
       ([-1.6304, -0.6956, -1.6956], [1. , 0.5, 0. , 1. ]),
       ([-0.6956, -1.6304, -1.6956], [1. , 0.5, 0. , 1. ]),
       ([-1.6304, -1.6304, -1.6956], [1. , 0.5, 0. , 1. ]),
       ([-1.6956, -0.6956, -0.6956], [0. , 1. , 0. , 1. ]),
       ([-1.6956, -0.6956, -1.6304], [0. , 1. , 0. , 1. ]),
       ([-1.6956, -1.6304, -1.6304], [0. , 1. , 0. , 1. ]),
       ([-1.6956, -0.6956, -0.6956], [0. , 1. , 0. , 1. ]),
       ([-1.6956, -1.6304, -1.6304], [0. , 1. , 0. , 1. ]),
       ([-1.6956, -1.6304, -0.6956], [0. , 1. , 0. , 1. ]),
       ([-0.6956, -0.6304, -1.6304], [0. , 0. , 0. , 0. ]),
       ([-1.6304, -0.6304, -1.6304], [0. , 0. , 0. , 1. ]),
       ([-1.6304, -0.6304, -0.6956], [0. , 0. , 0. , 1. ]),
       ([-0.6956, -0.6304, -1.6304], [0. , 0. , 0. , 1. ]),
       ([-1.6304, -0.6304, -0.6956], [0. , 0. , 0. , 1. ]),
       ([-0.6956, -0.6304, -0.6956], [0. , 0. , 0. , 1. ]),
       ([-1.6304, -1.6956, -1.6304], [1. , 1. , 0. , 1. ]),
       ([-0.6956, -1.6956, -1.6304], [1. , 1. , 0. , 1. ]),
       ([-0.6956, -1.6956, -0.6956], [1. , 1. , 0. , 1. ]),
       ([-1.6304, -1.6956, -1.6304], [1. , 1. , 0. , 1. ]),
       ([-0.6956, -1.6956, -0.6956], [1. , 1. , 0. , 1. ]),
       ([-1.6304, -1.6956, -0.6956], [1. , 1. , 0. , 1. ])],
      dtype=[('position', '<f4', (3,)), ('color', '<f4', (4,))]), array([([-0.6956, -0.6956, -0.6304], [0. , 0. , 0. , 1. ]),
       ([-1.6304, -0.6956, -0.6304], [0. , 0. , 0. , 1. ]),
       ([-1.6304, -1.6304, -0.6304], [0. , 0. , 0. , 1. ]),
       ([-0.6956, -0.6956, -0.6304], [0. , 0. , 0. , 1. ]),
       ([-1.6304, -1.6304, -0.6304], [0. , 0. , 0. , 1. ]),
       ([-0.6956, -1.6304, -0.6304], [0. , 0. , 0. , 1. ]),
       ([-0.6304, -0.6956, -1.6304], [0. , 0. , 0. , 1. ]),
       ([-0.6304, -0.6956, -0.6956], [0. , 0. , 0. , 1. ]),
       ([-0.6304, -1.6304, -0.6956], [0. , 0. , 0. , 1. ]),
       ([-0.6304, -0.6956, -1.6304], [0. , 0. , 0. , 1. ]),
       ([-0.6304, -1.6304, -0.6956], [0. , 0. , 0. , 1. ]),
       ([-0.6304, -1.6304, -1.6304], [0. , 0. , 0. , 1. ]),
       ([-1.6304, -0.6956, -1.6956], [1. , 0.5, 0. , 1. ]),
       ([-0.6956, -0.6956, -1.6956], [1. , 0.5, 0. , 1. ]),
       ([-0.6956, -1.6304, -1.6956], [1. , 0.5, 0. , 1. ]),
       ([-1.6304, -0.6956, -1.6956], [1. , 0.5, 0. , 1. ]),
       ([-0.6956, -1.6304, -1.6956], [1. , 0.5, 0. , 1. ]),
       ([-1.6304, -1.6304, -1.6956], [1. , 0.5, 0. , 1. ]),
       ([-1.6956, -0.6956, -0.6956], [0. , 1. , 0. , 1. ]),
       ([-1.6956, -0.6956, -1.6304], [0. , 1. , 0. , 1. ]),
       ([-1.6956, -1.6304, -1.6304], [0. , 1. , 0. , 1. ]),
       ([-1.6956, -0.6956, -0.6956], [0. , 1. , 0. , 1. ]),
       ([-1.6956, -1.6304, -1.6304], [0. , 1. , 0. , 1. ]),
       ([-1.6956, -1.6304, -0.6956], [0. , 1. , 0. , 1. ]),
       ([-0.6956, -0.6304, -1.6304], [0. , 0. , 0. , 0. ]),
       ([-1.6304, -0.6304, -1.6304], [0. , 0. , 0. , 1. ]),
       ([-1.6304, -0.6304, -0.6956], [0. , 0. , 0. , 1. ]),
       ([-0.6956, -0.6304, -1.6304], [0. , 0. , 0. , 1. ]),
       ([-1.6304, -0.6304, -0.6956], [0. , 0. , 0. , 1. ]),
       ([-0.6956, -0.6304, -0.6956], [0. , 0. , 0. , 1. ]),
       ([-1.6304, -1.6956, -1.6304], [1. , 1. , 0. , 1. ]),
       ([-0.6956, -1.6956, -1.6304], [1. , 1. , 0. , 1. ]),
       ([-0.6956, -1.6956, -0.6956], [1. , 1. , 0. , 1. ]),
       ([-1.6304, -1.6956, -1.6304], [1. , 1. , 0. , 1. ]),
       ([-0.6956, -1.6956, -0.6956], [1. , 1. , 0. , 1. ]),
       ([-1.6304, -1.6956, -0.6956], [1. , 1. , 0. , 1. ])],
      dtype=[('position', '<f4', (3,)), ('color', '<f4', (4,))]), array([([-0.6956, -0.6956, -0.6304], [0. , 0. , 0. , 1. ]),
       ([-1.6304, -0.6956, -0.6304], [0. , 0. , 0. , 1. ]),
       ([-1.6304, -1.6304, -0.6304], [0. , 0. , 0. , 1. ]),
       ([-0.6956, -0.6956, -0.6304], [0. , 0. , 0. , 1. ]),
       ([-1.6304, -1.6304, -0.6304], [0. , 0. , 0. , 1. ]),
       ([-0.6956, -1.6304, -0.6304], [0. , 0. , 0. , 1. ]),
       ([-0.6304, -0.6956, -1.6304], [0. , 0. , 0. , 1. ]),
       ([-0.6304, -0.6956, -0.6956], [0. , 0. , 0. , 1. ]),
       ([-0.6304, -1.6304, -0.6956], [0. , 0. , 0. , 1. ]),
       ([-0.6304, -0.6956, -1.6304], [0. , 0. , 0. , 1. ]),
       ([-0.6304, -1.6304, -0.6956], [0. , 0. , 0. , 1. ]),
       ([-0.6304, -1.6304, -1.6304], [0. , 0. , 0. , 1. ]),
       ([-1.6304, -0.6956, -1.6956], [1. , 0.5, 0. , 1. ]),
       ([-0.6956, -0.6956, -1.6956], [1. , 0.5, 0. , 1. ]),
       ([-0.6956, -1.6304, -1.6956], [1. , 0.5, 0. , 1. ]),
       ([-1.6304, -0.6956, -1.6956], [1. , 0.5, 0. , 1. ]),
       ([-0.6956, -1.6304, -1.6956], [1. , 0.5, 0. , 1. ]),
       ([-1.6304, -1.6304, -1.6956], [1. , 0.5, 0. , 1. ]),
       ([-1.6956, -0.6956, -0.6956], [0. , 1. , 0. , 1. ]),
       ([-1.6956, -0.6956, -1.6304], [0. , 1. , 0. , 1. ]),
       ([-1.6956, -1.6304, -1.6304], [0. , 1. , 0. , 1. ]),
       ([-1.6956, -0.6956, -0.6956], [0. , 1. , 0. , 1. ]),
       ([-1.6956, -1.6304, -1.6304], [0. , 1. , 0. , 1. ]),
       ([-1.6956, -1.6304, -0.6956], [0. , 1. , 0. , 1. ]),
       ([-0.6956, -0.6304, -1.6304], [0. , 0. , 0. , 0. ]),
       ([-1.6304, -0.6304, -1.6304], [0. , 0. , 0. , 1. ]),
       ([-1.6304, -0.6304, -0.6956], [0. , 0. , 0. , 1. ]),
       ([-0.6956, -0.6304, -1.6304], [0. , 0. , 0. , 1. ]),
       ([-1.6304, -0.6304, -0.6956], [0. , 0. , 0. , 1. ]),
       ([-0.6956, -0.6304, -0.6956], [0. , 0. , 0. , 1. ]),
       ([-1.6304, -1.6956, -1.6304], [1. , 1. , 0. , 1. ]),
       ([-0.6956, -1.6956, -1.6304], [1. , 1. , 0. , 1. ]),
       ([-0.6956, -1.6956, -0.6956], [1. , 1. , 0. , 1. ]),
       ([-1.6304, -1.6956, -1.6304], [1. , 1. , 0. , 1. ]),
       ([-0.6956, -1.6956, -0.6956], [1. , 1. , 0. , 1. ]),
       ([-1.6304, -1.6956, -0.6956], [1. , 1. , 0. , 1. ])],
      dtype=[('position', '<f4', (3,)), ('color', '<f4', (4,))]), array([([-0.6956, -0.6956, -0.6304], [0. , 0. , 0. , 1. ]),
       ([-1.6304, -0.6956, -0.6304], [0. , 0. , 0. , 1. ]),
       ([-1.6304, -1.6304, -0.6304], [0. , 0. , 0. , 1. ]),
       ([-0.6956, -0.6956, -0.6304], [0. , 0. , 0. , 1. ]),
       ([-1.6304, -1.6304, -0.6304], [0. , 0. , 0. , 1. ]),
       ([-0.6956, -1.6304, -0.6304], [0. , 0. , 0. , 1. ]),
       ([-0.6304, -0.6956, -1.6304], [0. , 0. , 0. , 1. ]),
       ([-0.6304, -0.6956, -0.6956], [0. , 0. , 0. , 1. ]),
       ([-0.6304, -1.6304, -0.6956], [0. , 0. , 0. , 1. ]),
       ([-0.6304, -0.6956, -1.6304], [0. , 0. , 0. , 1. ]),
       ([-0.6304, -1.6304, -0.6956], [0. , 0. , 0. , 1. ]),
       ([-0.6304, -1.6304, -1.6304], [0. , 0. , 0. , 1. ]),
       ([-1.6304, -0.6956, -1.6956], [1. , 0.5, 0. , 1. ]),
       ([-0.6956, -0.6956, -1.6956], [1. , 0.5, 0. , 1. ]),
       ([-0.6956, -1.6304, -1.6956], [1. , 0.5, 0. , 1. ]),
       ([-1.6304, -0.6956, -1.6956], [1. , 0.5, 0. , 1. ]),
       ([-0.6956, -1.6304, -1.6956], [1. , 0.5, 0. , 1. ]),
       ([-1.6304, -1.6304, -1.6956], [1. , 0.5, 0. , 1. ]),
       ([-1.6956, -0.6956, -0.6956], [0. , 1. , 0. , 1. ]),
       ([-1.6956, -0.6956, -1.6304], [0. , 1. , 0. , 1. ]),
       ([-1.6956, -1.6304, -1.6304], [0. , 1. , 0. , 1. ]),
       ([-1.6956, -0.6956, -0.6956], [0. , 1. , 0. , 1. ]),
       ([-1.6956, -1.6304, -1.6304], [0. , 1. , 0. , 1. ]),
       ([-1.6956, -1.6304, -0.6956], [0. , 1. , 0. , 1. ]),
       ([-0.6956, -0.6304, -1.6304], [0. , 0. , 0. , 0. ]),
       ([-1.6304, -0.6304, -1.6304], [0. , 0. , 0. , 1. ]),
       ([-1.6304, -0.6304, -0.6956], [0. , 0. , 0. , 1. ]),
       ([-0.6956, -0.6304, -1.6304], [0. , 0. , 0. , 1. ]),
       ([-1.6304, -0.6304, -0.6956], [0. , 0. , 0. , 1. ]),
       ([-0.6956, -0.6304, -0.6956], [0. , 0. , 0. , 1. ]),
       ([-1.6304, -1.6956, -1.6304], [1. , 1. , 0. , 1. ]),
       ([-0.6956, -1.6956, -1.6304], [1. , 1. , 0. , 1. ]),
       ([-0.6956, -1.6956, -0.6956], [1. , 1. , 0. , 1. ]),
       ([-1.6304, -1.6956, -1.6304], [1. , 1. , 0. , 1. ]),
       ([-0.6956, -1.6956, -0.6956], [1. , 1. , 0. , 1. ]),
       ([-1.6304, -1.6956, -0.6956], [1. , 1. , 0. , 1. ])],
      dtype=[('position', '<f4', (3,)), ('color', '<f4', (4,))]), array([([-0.6956, -0.6956, -0.6304], [0. , 0. , 0. , 1. ]),
       ([-1.6304, -0.6956, -0.6304], [0. , 0. , 0. , 1. ]),
       ([-1.6304, -1.6304, -0.6304], [0. , 0. , 0. , 1. ]),
       ([-0.6956, -0.6956, -0.6304], [0. , 0. , 0. , 1. ]),
       ([-1.6304, -1.6304, -0.6304], [0. , 0. , 0. , 1. ]),
       ([-0.6956, -1.6304, -0.6304], [0. , 0. , 0. , 1. ]),
       ([-0.6304, -0.6956, -1.6304], [0. , 0. , 0. , 1. ]),
       ([-0.6304, -0.6956, -0.6956], [0. , 0. , 0. , 1. ]),
       ([-0.6304, -1.6304, -0.6956], [0. , 0. , 0. , 1. ]),
       ([-0.6304, -0.6956, -1.6304], [0. , 0. , 0. , 1. ]),
       ([-0.6304, -1.6304, -0.6956], [0. , 0. , 0. , 1. ]),
       ([-0.6304, -1.6304, -1.6304], [0. , 0. , 0. , 1. ]),
       ([-1.6304, -0.6956, -1.6956], [1. , 0.5, 0. , 1. ]),
       ([-0.6956, -0.6956, -1.6956], [1. , 0.5, 0. , 1. ]),
       ([-0.6956, -1.6304, -1.6956], [1. , 0.5, 0. , 1. ]),
       ([-1.6304, -0.6956, -1.6956], [1. , 0.5, 0. , 1. ]),
       ([-0.6956, -1.6304, -1.6956], [1. , 0.5, 0. , 1. ]),
       ([-1.6304, -1.6304, -1.6956], [1. , 0.5, 0. , 1. ]),
       ([-1.6956, -0.6956, -0.6956], [0. , 1. , 0. , 1. ]),
       ([-1.6956, -0.6956, -1.6304], [0. , 1. , 0. , 1. ]),
       ([-1.6956, -1.6304, -1.6304], [0. , 1. , 0. , 1. ]),
       ([-1.6956, -0.6956, -0.6956], [0. , 1. , 0. , 1. ]),
       ([-1.6956, -1.6304, -1.6304], [0. , 1. , 0. , 1. ]),
       ([-1.6956, -1.6304, -0.6956], [0. , 1. , 0. , 1. ]),
       ([-0.6956, -0.6304, -1.6304], [0. , 0. , 0. , 0. ]),
       ([-1.6304, -0.6304, -1.6304], [0. , 0. , 0. , 1. ]),
       ([-1.6304, -0.6304, -0.6956], [0. , 0. , 0. , 1. ]),
       ([-0.6956, -0.6304, -1.6304], [0. , 0. , 0. , 1. ]),
       ([-1.6304, -0.6304, -0.6956], [0. , 0. , 0. , 1. ]),
       ([-0.6956, -0.6304, -0.6956], [0. , 0. , 0. , 1. ]),
       ([-1.6304, -1.6956, -1.6304], [1. , 1. , 0. , 1. ]),
       ([-0.6956, -1.6956, -1.6304], [1. , 1. , 0. , 1. ]),
       ([-0.6956, -1.6956, -0.6956], [1. , 1. , 0. , 1. ]),
       ([-1.6304, -1.6956, -1.6304], [1. , 1. , 0. , 1. ]),
       ([-0.6956, -1.6956, -0.6956], [1. , 1. , 0. , 1. ]),
       ([-1.6304, -1.6956, -0.6956], [1. , 1. , 0. , 1. ])],
      dtype=[('position', '<f4', (3,)), ('color', '<f4', (4,))]), array([([-0.6956, -0.6956, -0.6304], [0. , 0. , 0. , 1. ]),
       ([-1.6304, -0.6956, -0.6304], [0. , 0. , 0. , 1. ]),
       ([-1.6304, -1.6304, -0.6304], [0. , 0. , 0. , 1. ]),
       ([-0.6956, -0.6956, -0.6304], [0. , 0. , 0. , 1. ]),
       ([-1.6304, -1.6304, -0.6304], [0. , 0. , 0. , 1. ]),
       ([-0.6956, -1.6304, -0.6304], [0. , 0. , 0. , 1. ]),
       ([-0.6304, -0.6956, -1.6304], [0. , 0. , 0. , 1. ]),
       ([-0.6304, -0.6956, -0.6956], [0. , 0. , 0. , 1. ]),
       ([-0.6304, -1.6304, -0.6956], [0. , 0. , 0. , 1. ]),
       ([-0.6304, -0.6956, -1.6304], [0. , 0. , 0. , 1. ]),
       ([-0.6304, -1.6304, -0.6956], [0. , 0. , 0. , 1. ]),
       ([-0.6304, -1.6304, -1.6304], [0. , 0. , 0. , 1. ]),
       ([-1.6304, -0.6956, -1.6956], [1. , 0.5, 0. , 1. ]),
       ([-0.6956, -0.6956, -1.6956], [1. , 0.5, 0. , 1. ]),
       ([-0.6956, -1.6304, -1.6956], [1. , 0.5, 0. , 1. ]),
       ([-1.6304, -0.6956, -1.6956], [1. , 0.5, 0. , 1. ]),
       ([-0.6956, -1.6304, -1.6956], [1. , 0.5, 0. , 1. ]),
       ([-1.6304, -1.6304, -1.6956], [1. , 0.5, 0. , 1. ]),
       ([-1.6956, -0.6956, -0.6956], [0. , 1. , 0. , 1. ]),
       ([-1.6956, -0.6956, -1.6304], [0. , 1. , 0. , 1. ]),
       ([-1.6956, -1.6304, -1.6304], [0. , 1. , 0. , 1. ]),
       ([-1.6956, -0.6956, -0.6956], [0. , 1. , 0. , 1. ]),
       ([-1.6956, -1.6304, -1.6304], [0. , 1. , 0. , 1. ]),
       ([-1.6956, -1.6304, -0.6956], [0. , 1. , 0. , 1. ]),
       ([-0.6956, -0.6304, -1.6304], [0. , 0. , 0. , 0. ]),
       ([-1.6304, -0.6304, -1.6304], [0. , 0. , 0. , 1. ]),
       ([-1.6304, -0.6304, -0.6956], [0. , 0. , 0. , 1. ]),
       ([-0.6956, -0.6304, -1.6304], [0. , 0. , 0. , 1. ]),
       ([-1.6304, -0.6304, -0.6956], [0. , 0. , 0. , 1. ]),
       ([-0.6956, -0.6304, -0.6956], [0. , 0. , 0. , 1. ]),
       ([-1.6304, -1.6956, -1.6304], [1. , 1. , 0. , 1. ]),
       ([-0.6956, -1.6956, -1.6304], [1. , 1. , 0. , 1. ]),
       ([-0.6956, -1.6956, -0.6956], [1. , 1. , 0. , 1. ]),
       ([-1.6304, -1.6956, -1.6304], [1. , 1. , 0. , 1. ]),
       ([-0.6956, -1.6956, -0.6956], [1. , 1. , 0. , 1. ]),
       ([-1.6304, -1.6956, -0.6956], [1. , 1. , 0. , 1. ])],
      dtype=[('position', '<f4', (3,)), ('color', '<f4', (4,))]), array([([-0.6956, -0.6956, -0.6304], [0. , 0. , 0. , 1. ]),
       ([-1.6304, -0.6956, -0.6304], [0. , 0. , 0. , 1. ]),
       ([-1.6304, -1.6304, -0.6304], [0. , 0. , 0. , 1. ]),
       ([-0.6956, -0.6956, -0.6304], [0. , 0. , 0. , 1. ]),
       ([-1.6304, -1.6304, -0.6304], [0. , 0. , 0. , 1. ]),
       ([-0.6956, -1.6304, -0.6304], [0. , 0. , 0. , 1. ]),
       ([-0.6304, -0.6956, -1.6304], [0. , 0. , 0. , 1. ]),
       ([-0.6304, -0.6956, -0.6956], [0. , 0. , 0. , 1. ]),
       ([-0.6304, -1.6304, -0.6956], [0. , 0. , 0. , 1. ]),
       ([-0.6304, -0.6956, -1.6304], [0. , 0. , 0. , 1. ]),
       ([-0.6304, -1.6304, -0.6956], [0. , 0. , 0. , 1. ]),
       ([-0.6304, -1.6304, -1.6304], [0. , 0. , 0. , 1. ]),
       ([-1.6304, -0.6956, -1.6956], [1. , 0.5, 0. , 1. ]),
       ([-0.6956, -0.6956, -1.6956], [1. , 0.5, 0. , 1. ]),
       ([-0.6956, -1.6304, -1.6956], [1. , 0.5, 0. , 1. ]),
       ([-1.6304, -0.6956, -1.6956], [1. , 0.5, 0. , 1. ]),
       ([-0.6956, -1.6304, -1.6956], [1. , 0.5, 0. , 1. ]),
       ([-1.6304, -1.6304, -1.6956], [1. , 0.5, 0. , 1. ]),
       ([-1.6956, -0.6956, -0.6956], [0. , 1. , 0. , 1. ]),
       ([-1.6956, -0.6956, -1.6304], [0. , 1. , 0. , 1. ]),
       ([-1.6956, -1.6304, -1.6304], [0. , 1. , 0. , 1. ]),
       ([-1.6956, -0.6956, -0.6956], [0. , 1. , 0. , 1. ]),
       ([-1.6956, -1.6304, -1.6304], [0. , 1. , 0. , 1. ]),
       ([-1.6956, -1.6304, -0.6956], [0. , 1. , 0. , 1. ]),
       ([-0.6956, -0.6304, -1.6304], [0. , 0. , 0. , 0. ]),
       ([-1.6304, -0.6304, -1.6304], [0. , 0. , 0. , 1. ]),
       ([-1.6304, -0.6304, -0.6956], [0. , 0. , 0. , 1. ]),
       ([-0.6956, -0.6304, -1.6304], [0. , 0. , 0. , 1. ]),
       ([-1.6304, -0.6304, -0.6956], [0. , 0. , 0. , 1. ]),
       ([-0.6956, -0.6304, -0.6956], [0. , 0. , 0. , 1. ]),
       ([-1.6304, -1.6956, -1.6304], [1. , 1. , 0. , 1. ]),
       ([-0.6956, -1.6956, -1.6304], [1. , 1. , 0. , 1. ]),
       ([-0.6956, -1.6956, -0.6956], [1. , 1. , 0. , 1. ]),
       ([-1.6304, -1.6956, -1.6304], [1. , 1. , 0. , 1. ]),
       ([-0.6956, -1.6956, -0.6956], [1. , 1. , 0. , 1. ]),
       ([-1.6304, -1.6956, -0.6956], [1. , 1. , 0. , 1. ])],
      dtype=[('position', '<f4', (3,)), ('color', '<f4', (4,))]), array([([-0.6956, -0.6956, -0.6304], [0. , 0. , 0. , 1. ]),
       ([-1.6304, -0.6956, -0.6304], [0. , 0. , 0. , 1. ]),
       ([-1.6304, -1.6304, -0.6304], [0. , 0. , 0. , 1. ]),
       ([-0.6956, -0.6956, -0.6304], [0. , 0. , 0. , 1. ]),
       ([-1.6304, -1.6304, -0.6304], [0. , 0. , 0. , 1. ]),
       ([-0.6956, -1.6304, -0.6304], [0. , 0. , 0. , 1. ]),
       ([-0.6304, -0.6956, -1.6304], [0. , 0. , 0. , 1. ]),
       ([-0.6304, -0.6956, -0.6956], [0. , 0. , 0. , 1. ]),
       ([-0.6304, -1.6304, -0.6956], [0. , 0. , 0. , 1. ]),
       ([-0.6304, -0.6956, -1.6304], [0. , 0. , 0. , 1. ]),
       ([-0.6304, -1.6304, -0.6956], [0. , 0. , 0. , 1. ]),
       ([-0.6304, -1.6304, -1.6304], [0. , 0. , 0. , 1. ]),
       ([-1.6304, -0.6956, -1.6956], [1. , 0.5, 0. , 1. ]),
       ([-0.6956, -0.6956, -1.6956], [1. , 0.5, 0. , 1. ]),
       ([-0.6956, -1.6304, -1.6956], [1. , 0.5, 0. , 1. ]),
       ([-1.6304, -0.6956, -1.6956], [1. , 0.5, 0. , 1. ]),
       ([-0.6956, -1.6304, -1.6956], [1. , 0.5, 0. , 1. ]),
       ([-1.6304, -1.6304, -1.6956], [1. , 0.5, 0. , 1. ]),
       ([-1.6956, -0.6956, -0.6956], [0. , 1. , 0. , 1. ]),
       ([-1.6956, -0.6956, -1.6304], [0. , 1. , 0. , 1. ]),
       ([-1.6956, -1.6304, -1.6304], [0. , 1. , 0. , 1. ]),
       ([-1.6956, -0.6956, -0.6956], [0. , 1. , 0. , 1. ]),
       ([-1.6956, -1.6304, -1.6304], [0. , 1. , 0. , 1. ]),
       ([-1.6956, -1.6304, -0.6956], [0. , 1. , 0. , 1. ]),
       ([-0.6956, -0.6304, -1.6304], [0. , 0. , 0. , 0. ]),
       ([-1.6304, -0.6304, -1.6304], [0. , 0. , 0. , 1. ]),
       ([-1.6304, -0.6304, -0.6956], [0. , 0. , 0. , 1. ]),
       ([-0.6956, -0.6304, -1.6304], [0. , 0. , 0. , 1. ]),
       ([-1.6304, -0.6304, -0.6956], [0. , 0. , 0. , 1. ]),
       ([-0.6956, -0.6304, -0.6956], [0. , 0. , 0. , 1. ]),
       ([-1.6304, -1.6956, -1.6304], [1. , 1. , 0. , 1. ]),
       ([-0.6956, -1.6956, -1.6304], [1. , 1. , 0. , 1. ]),
       ([-0.6956, -1.6956, -0.6956], [1. , 1. , 0. , 1. ]),
       ([-1.6304, -1.6956, -1.6304], [1. , 1. , 0. , 1. ]),
       ([-0.6956, -1.6956, -0.6956], [1. , 1. , 0. , 1. ]),
       ([-1.6304, -1.6956, -0.6956], [1. , 1. , 0. , 1. ])],
      dtype=[('position', '<f4', (3,)), ('color', '<f4', (4,))]), array([([-0.6956, -0.6956, -0.6304], [0. , 0. , 0. , 1. ]),
       ([-1.6304, -0.6956, -0.6304], [0. , 0. , 0. , 1. ]),
       ([-1.6304, -1.6304, -0.6304], [0. , 0. , 0. , 1. ]),
       ([-0.6956, -0.6956, -0.6304], [0. , 0. , 0. , 1. ]),
       ([-1.6304, -1.6304, -0.6304], [0. , 0. , 0. , 1. ]),
       ([-0.6956, -1.6304, -0.6304], [0. , 0. , 0. , 1. ]),
       ([-0.6304, -0.6956, -1.6304], [0. , 0. , 0. , 1. ]),
       ([-0.6304, -0.6956, -0.6956], [0. , 0. , 0. , 1. ]),
       ([-0.6304, -1.6304, -0.6956], [0. , 0. , 0. , 1. ]),
       ([-0.6304, -0.6956, -1.6304], [0. , 0. , 0. , 1. ]),
       ([-0.6304, -1.6304, -0.6956], [0. , 0. , 0. , 1. ]),
       ([-0.6304, -1.6304, -1.6304], [0. , 0. , 0. , 1. ]),
       ([-1.6304, -0.6956, -1.6956], [1. , 0.5, 0. , 1. ]),
       ([-0.6956, -0.6956, -1.6956], [1. , 0.5, 0. , 1. ]),
       ([-0.6956, -1.6304, -1.6956], [1. , 0.5, 0. , 1. ]),
       ([-1.6304, -0.6956, -1.6956], [1. , 0.5, 0. , 1. ]),
       ([-0.6956, -1.6304, -1.6956], [1. , 0.5, 0. , 1. ]),
       ([-1.6304, -1.6304, -1.6956], [1. , 0.5, 0. , 1. ]),
       ([-1.6956, -0.6956, -0.6956], [0. , 1. , 0. , 1. ]),
       ([-1.6956, -0.6956, -1.6304], [0. , 1. , 0. , 1. ]),
       ([-1.6956, -1.6304, -1.6304], [0. , 1. , 0. , 1. ]),
       ([-1.6956, -0.6956, -0.6956], [0. , 1. , 0. , 1. ]),
       ([-1.6956, -1.6304, -1.6304], [0. , 1. , 0. , 1. ]),
       ([-1.6956, -1.6304, -0.6956], [0. , 1. , 0. , 1. ]),
       ([-0.6956, -0.6304, -1.6304], [0. , 0. , 0. , 0. ]),
       ([-1.6304, -0.6304, -1.6304], [0. , 0. , 0. , 1. ]),
       ([-1.6304, -0.6304, -0.6956], [0. , 0. , 0. , 1. ]),
       ([-0.6956, -0.6304, -1.6304], [0. , 0. , 0. , 1. ]),
       ([-1.6304, -0.6304, -0.6956], [0. , 0. , 0. , 1. ]),
       ([-0.6956, -0.6304, -0.6956], [0. , 0. , 0. , 1. ]),
       ([-1.6304, -1.6956, -1.6304], [1. , 1. , 0. , 1. ]),
       ([-0.6956, -1.6956, -1.6304], [1. , 1. , 0. , 1. ]),
       ([-0.6956, -1.6956, -0.6956], [1. , 1. , 0. , 1. ]),
       ([-1.6304, -1.6956, -1.6304], [1. , 1. , 0. , 1. ]),
       ([-0.6956, -1.6956, -0.6956], [1. , 1. , 0. , 1. ]),
       ([-1.6304, -1.6956, -0.6956], [1. , 1. , 0. , 1. ])],
      dtype=[('position', '<f4', (3,)), ('color', '<f4', (4,))]), array([([-0.6956, -0.6956, -0.6304], [0. , 0. , 0. , 1. ]),
       ([-1.6304, -0.6956, -0.6304], [0. , 0. , 0. , 1. ]),
       ([-1.6304, -1.6304, -0.6304], [0. , 0. , 0. , 1. ]),
       ([-0.6956, -0.6956, -0.6304], [0. , 0. , 0. , 1. ]),
       ([-1.6304, -1.6304, -0.6304], [0. , 0. , 0. , 1. ]),
       ([-0.6956, -1.6304, -0.6304], [0. , 0. , 0. , 1. ]),
       ([-0.6304, -0.6956, -1.6304], [0. , 0. , 0. , 1. ]),
       ([-0.6304, -0.6956, -0.6956], [0. , 0. , 0. , 1. ]),
       ([-0.6304, -1.6304, -0.6956], [0. , 0. , 0. , 1. ]),
       ([-0.6304, -0.6956, -1.6304], [0. , 0. , 0. , 1. ]),
       ([-0.6304, -1.6304, -0.6956], [0. , 0. , 0. , 1. ]),
       ([-0.6304, -1.6304, -1.6304], [0. , 0. , 0. , 1. ]),
       ([-1.6304, -0.6956, -1.6956], [1. , 0.5, 0. , 1. ]),
       ([-0.6956, -0.6956, -1.6956], [1. , 0.5, 0. , 1. ]),
       ([-0.6956, -1.6304, -1.6956], [1. , 0.5, 0. , 1. ]),
       ([-1.6304, -0.6956, -1.6956], [1. , 0.5, 0. , 1. ]),
       ([-0.6956, -1.6304, -1.6956], [1. , 0.5, 0. , 1. ]),
       ([-1.6304, -1.6304, -1.6956], [1. , 0.5, 0. , 1. ]),
       ([-1.6956, -0.6956, -0.6956], [0. , 1. , 0. , 1. ]),
       ([-1.6956, -0.6956, -1.6304], [0. , 1. , 0. , 1. ]),
       ([-1.6956, -1.6304, -1.6304], [0. , 1. , 0. , 1. ]),
       ([-1.6956, -0.6956, -0.6956], [0. , 1. , 0. , 1. ]),
       ([-1.6956, -1.6304, -1.6304], [0. , 1. , 0. , 1. ]),
       ([-1.6956, -1.6304, -0.6956], [0. , 1. , 0. , 1. ]),
       ([-0.6956, -0.6304, -1.6304], [0. , 0. , 0. , 0. ]),
       ([-1.6304, -0.6304, -1.6304], [0. , 0. , 0. , 1. ]),
       ([-1.6304, -0.6304, -0.6956], [0. , 0. , 0. , 1. ]),
       ([-0.6956, -0.6304, -1.6304], [0. , 0. , 0. , 1. ]),
       ([-1.6304, -0.6304, -0.6956], [0. , 0. , 0. , 1. ]),
       ([-0.6956, -0.6304, -0.6956], [0. , 0. , 0. , 1. ]),
       ([-1.6304, -1.6956, -1.6304], [1. , 1. , 0. , 1. ]),
       ([-0.6956, -1.6956, -1.6304], [1. , 1. , 0. , 1. ]),
       ([-0.6956, -1.6956, -0.6956], [1. , 1. , 0. , 1. ]),
       ([-1.6304, -1.6956, -1.6304], [1. , 1. , 0. , 1. ]),
       ([-0.6956, -1.6956, -0.6956], [1. , 1. , 0. , 1. ]),
       ([-1.6304, -1.6956, -0.6956], [1. , 1. , 0. , 1. ])],
      dtype=[('position', '<f4', (3,)), ('color', '<f4', (4,))]), array([([-0.6956, -0.6956, -0.6304], [0. , 0. , 0. , 1. ]),
       ([-1.6304, -0.6956, -0.6304], [0. , 0. , 0. , 1. ]),
       ([-1.6304, -1.6304, -0.6304], [0. , 0. , 0. , 1. ]),
       ([-0.6956, -0.6956, -0.6304], [0. , 0. , 0. , 1. ]),
       ([-1.6304, -1.6304, -0.6304], [0. , 0. , 0. , 1. ]),
       ([-0.6956, -1.6304, -0.6304], [0. , 0. , 0. , 1. ]),
       ([-0.6304, -0.6956, -1.6304], [0. , 0. , 0. , 1. ]),
       ([-0.6304, -0.6956, -0.6956], [0. , 0. , 0. , 1. ]),
       ([-0.6304, -1.6304, -0.6956], [0. , 0. , 0. , 1. ]),
       ([-0.6304, -0.6956, -1.6304], [0. , 0. , 0. , 1. ]),
       ([-0.6304, -1.6304, -0.6956], [0. , 0. , 0. , 1. ]),
       ([-0.6304, -1.6304, -1.6304], [0. , 0. , 0. , 1. ]),
       ([-1.6304, -0.6956, -1.6956], [1. , 0.5, 0. , 1. ]),
       ([-0.6956, -0.6956, -1.6956], [1. , 0.5, 0. , 1. ]),
       ([-0.6956, -1.6304, -1.6956], [1. , 0.5, 0. , 1. ]),
       ([-1.6304, -0.6956, -1.6956], [1. , 0.5, 0. , 1. ]),
       ([-0.6956, -1.6304, -1.6956], [1. , 0.5, 0. , 1. ]),
       ([-1.6304, -1.6304, -1.6956], [1. , 0.5, 0. , 1. ]),
       ([-1.6956, -0.6956, -0.6956], [0. , 1. , 0. , 1. ]),
       ([-1.6956, -0.6956, -1.6304], [0. , 1. , 0. , 1. ]),
       ([-1.6956, -1.6304, -1.6304], [0. , 1. , 0. , 1. ]),
       ([-1.6956, -0.6956, -0.6956], [0. , 1. , 0. , 1. ]),
       ([-1.6956, -1.6304, -1.6304], [0. , 1. , 0. , 1. ]),
       ([-1.6956, -1.6304, -0.6956], [0. , 1. , 0. , 1. ]),
       ([-0.6956, -0.6304, -1.6304], [0. , 0. , 0. , 0. ]),
       ([-1.6304, -0.6304, -1.6304], [0. , 0. , 0. , 1. ]),
       ([-1.6304, -0.6304, -0.6956], [0. , 0. , 0. , 1. ]),
       ([-0.6956, -0.6304, -1.6304], [0. , 0. , 0. , 1. ]),
       ([-1.6304, -0.6304, -0.6956], [0. , 0. , 0. , 1. ]),
       ([-0.6956, -0.6304, -0.6956], [0. , 0. , 0. , 1. ]),
       ([-1.6304, -1.6956, -1.6304], [1. , 1. , 0. , 1. ]),
       ([-0.6956, -1.6956, -1.6304], [1. , 1. , 0. , 1. ]),
       ([-0.6956, -1.6956, -0.6956], [1. , 1. , 0. , 1. ]),
       ([-1.6304, -1.6956, -1.6304], [1. , 1. , 0. , 1. ]),
       ([-0.6956, -1.6956, -0.6956], [1. , 1. , 0. , 1. ]),
       ([-1.6304, -1.6956, -0.6956], [1. , 1. , 0. , 1. ])],
      dtype=[('position', '<f4', (3,)), ('color', '<f4', (4,))]), array([([-0.6956, -0.6956, -0.6304], [0. , 0. , 0. , 1. ]),
       ([-1.6304, -0.6956, -0.6304], [0. , 0. , 0. , 1. ]),
       ([-1.6304, -1.6304, -0.6304], [0. , 0. , 0. , 1. ]),
       ([-0.6956, -0.6956, -0.6304], [0. , 0. , 0. , 1. ]),
       ([-1.6304, -1.6304, -0.6304], [0. , 0. , 0. , 1. ]),
       ([-0.6956, -1.6304, -0.6304], [0. , 0. , 0. , 1. ]),
       ([-0.6304, -0.6956, -1.6304], [0. , 0. , 0. , 1. ]),
       ([-0.6304, -0.6956, -0.6956], [0. , 0. , 0. , 1. ]),
       ([-0.6304, -1.6304, -0.6956], [0. , 0. , 0. , 1. ]),
       ([-0.6304, -0.6956, -1.6304], [0. , 0. , 0. , 1. ]),
       ([-0.6304, -1.6304, -0.6956], [0. , 0. , 0. , 1. ]),
       ([-0.6304, -1.6304, -1.6304], [0. , 0. , 0. , 1. ]),
       ([-1.6304, -0.6956, -1.6956], [1. , 0.5, 0. , 1. ]),
       ([-0.6956, -0.6956, -1.6956], [1. , 0.5, 0. , 1. ]),
       ([-0.6956, -1.6304, -1.6956], [1. , 0.5, 0. , 1. ]),
       ([-1.6304, -0.6956, -1.6956], [1. , 0.5, 0. , 1. ]),
       ([-0.6956, -1.6304, -1.6956], [1. , 0.5, 0. , 1. ]),
       ([-1.6304, -1.6304, -1.6956], [1. , 0.5, 0. , 1. ]),
       ([-1.6956, -0.6956, -0.6956], [0. , 1. , 0. , 1. ]),
       ([-1.6956, -0.6956, -1.6304], [0. , 1. , 0. , 1. ]),
       ([-1.6956, -1.6304, -1.6304], [0. , 1. , 0. , 1. ]),
       ([-1.6956, -0.6956, -0.6956], [0. , 1. , 0. , 1. ]),
       ([-1.6956, -1.6304, -1.6304], [0. , 1. , 0. , 1. ]),
       ([-1.6956, -1.6304, -0.6956], [0. , 1. , 0. , 1. ]),
       ([-0.6956, -0.6304, -1.6304], [0. , 0. , 0. , 0. ]),
       ([-1.6304, -0.6304, -1.6304], [0. , 0. , 0. , 1. ]),
       ([-1.6304, -0.6304, -0.6956], [0. , 0. , 0. , 1. ]),
       ([-0.6956, -0.6304, -1.6304], [0. , 0. , 0. , 1. ]),
       ([-1.6304, -0.6304, -0.6956], [0. , 0. , 0. , 1. ]),
       ([-0.6956, -0.6304, -0.6956], [0. , 0. , 0. , 1. ]),
       ([-1.6304, -1.6956, -1.6304], [1. , 1. , 0. , 1. ]),
       ([-0.6956, -1.6956, -1.6304], [1. , 1. , 0. , 1. ]),
       ([-0.6956, -1.6956, -0.6956], [1. , 1. , 0. , 1. ]),
       ([-1.6304, -1.6956, -1.6304], [1. , 1. , 0. , 1. ]),
       ([-0.6956, -1.6956, -0.6956], [1. , 1. , 0. , 1. ]),
       ([-1.6304, -1.6956, -0.6956], [1. , 1. , 0. , 1. ])],
      dtype=[('position', '<f4', (3,)), ('color', '<f4', (4,))]), array([([-0.6956, -0.6956, -0.6304], [0. , 0. , 0. , 1. ]),
       ([-1.6304, -0.6956, -0.6304], [0. , 0. , 0. , 1. ]),
       ([-1.6304, -1.6304, -0.6304], [0. , 0. , 0. , 1. ]),
       ([-0.6956, -0.6956, -0.6304], [0. , 0. , 0. , 1. ]),
       ([-1.6304, -1.6304, -0.6304], [0. , 0. , 0. , 1. ]),
       ([-0.6956, -1.6304, -0.6304], [0. , 0. , 0. , 1. ]),
       ([-0.6304, -0.6956, -1.6304], [0. , 0. , 0. , 1. ]),
       ([-0.6304, -0.6956, -0.6956], [0. , 0. , 0. , 1. ]),
       ([-0.6304, -1.6304, -0.6956], [0. , 0. , 0. , 1. ]),
       ([-0.6304, -0.6956, -1.6304], [0. , 0. , 0. , 1. ]),
       ([-0.6304, -1.6304, -0.6956], [0. , 0. , 0. , 1. ]),
       ([-0.6304, -1.6304, -1.6304], [0. , 0. , 0. , 1. ]),
       ([-1.6304, -0.6956, -1.6956], [1. , 0.5, 0. , 1. ]),
       ([-0.6956, -0.6956, -1.6956], [1. , 0.5, 0. , 1. ]),
       ([-0.6956, -1.6304, -1.6956], [1. , 0.5, 0. , 1. ]),
       ([-1.6304, -0.6956, -1.6956], [1. , 0.5, 0. , 1. ]),
       ([-0.6956, -1.6304, -1.6956], [1. , 0.5, 0. , 1. ]),
       ([-1.6304, -1.6304, -1.6956], [1. , 0.5, 0. , 1. ]),
       ([-1.6956, -0.6956, -0.6956], [0. , 1. , 0. , 1. ]),
       ([-1.6956, -0.6956, -1.6304], [0. , 1. , 0. , 1. ]),
       ([-1.6956, -1.6304, -1.6304], [0. , 1. , 0. , 1. ]),
       ([-1.6956, -0.6956, -0.6956], [0. , 1. , 0. , 1. ]),
       ([-1.6956, -1.6304, -1.6304], [0. , 1. , 0. , 1. ]),
       ([-1.6956, -1.6304, -0.6956], [0. , 1. , 0. , 1. ]),
       ([-0.6956, -0.6304, -1.6304], [0. , 0. , 0. , 0. ]),
       ([-1.6304, -0.6304, -1.6304], [0. , 0. , 0. , 1. ]),
       ([-1.6304, -0.6304, -0.6956], [0. , 0. , 0. , 1. ]),
       ([-0.6956, -0.6304, -1.6304], [0. , 0. , 0. , 1. ]),
       ([-1.6304, -0.6304, -0.6956], [0. , 0. , 0. , 1. ]),
       ([-0.6956, -0.6304, -0.6956], [0. , 0. , 0. , 1. ]),
       ([-1.6304, -1.6956, -1.6304], [1. , 1. , 0. , 1. ]),
       ([-0.6956, -1.6956, -1.6304], [1. , 1. , 0. , 1. ]),
       ([-0.6956, -1.6956, -0.6956], [1. , 1. , 0. , 1. ]),
       ([-1.6304, -1.6956, -1.6304], [1. , 1. , 0. , 1. ]),
       ([-0.6956, -1.6956, -0.6956], [1. , 1. , 0. , 1. ]),
       ([-1.6304, -1.6956, -0.6956], [1. , 1. , 0. , 1. ])],
      dtype=[('position', '<f4', (3,)), ('color', '<f4', (4,))]), array([([-0.6956, -0.6956, -0.6304], [0. , 0. , 0. , 1. ]),
       ([-1.6304, -0.6956, -0.6304], [0. , 0. , 0. , 1. ]),
       ([-1.6304, -1.6304, -0.6304], [0. , 0. , 0. , 1. ]),
       ([-0.6956, -0.6956, -0.6304], [0. , 0. , 0. , 1. ]),
       ([-1.6304, -1.6304, -0.6304], [0. , 0. , 0. , 1. ]),
       ([-0.6956, -1.6304, -0.6304], [0. , 0. , 0. , 1. ]),
       ([-0.6304, -0.6956, -1.6304], [0. , 0. , 0. , 1. ]),
       ([-0.6304, -0.6956, -0.6956], [0. , 0. , 0. , 1. ]),
       ([-0.6304, -1.6304, -0.6956], [0. , 0. , 0. , 1. ]),
       ([-0.6304, -0.6956, -1.6304], [0. , 0. , 0. , 1. ]),
       ([-0.6304, -1.6304, -0.6956], [0. , 0. , 0. , 1. ]),
       ([-0.6304, -1.6304, -1.6304], [0. , 0. , 0. , 1. ]),
       ([-1.6304, -0.6956, -1.6956], [1. , 0.5, 0. , 1. ]),
       ([-0.6956, -0.6956, -1.6956], [1. , 0.5, 0. , 1. ]),
       ([-0.6956, -1.6304, -1.6956], [1. , 0.5, 0. , 1. ]),
       ([-1.6304, -0.6956, -1.6956], [1. , 0.5, 0. , 1. ]),
       ([-0.6956, -1.6304, -1.6956], [1. , 0.5, 0. , 1. ]),
       ([-1.6304, -1.6304, -1.6956], [1. , 0.5, 0. , 1. ]),
       ([-1.6956, -0.6956, -0.6956], [0. , 1. , 0. , 1. ]),
       ([-1.6956, -0.6956, -1.6304], [0. , 1. , 0. , 1. ]),
       ([-1.6956, -1.6304, -1.6304], [0. , 1. , 0. , 1. ]),
       ([-1.6956, -0.6956, -0.6956], [0. , 1. , 0. , 1. ]),
       ([-1.6956, -1.6304, -1.6304], [0. , 1. , 0. , 1. ]),
       ([-1.6956, -1.6304, -0.6956], [0. , 1. , 0. , 1. ]),
       ([-0.6956, -0.6304, -1.6304], [0. , 0. , 0. , 0. ]),
       ([-1.6304, -0.6304, -1.6304], [0. , 0. , 0. , 1. ]),
       ([-1.6304, -0.6304, -0.6956], [0. , 0. , 0. , 1. ]),
       ([-0.6956, -0.6304, -1.6304], [0. , 0. , 0. , 1. ]),
       ([-1.6304, -0.6304, -0.6956], [0. , 0. , 0. , 1. ]),
       ([-0.6956, -0.6304, -0.6956], [0. , 0. , 0. , 1. ]),
       ([-1.6304, -1.6956, -1.6304], [1. , 1. , 0. , 1. ]),
       ([-0.6956, -1.6956, -1.6304], [1. , 1. , 0. , 1. ]),
       ([-0.6956, -1.6956, -0.6956], [1. , 1. , 0. , 1. ]),
       ([-1.6304, -1.6956, -1.6304], [1. , 1. , 0. , 1. ]),
       ([-0.6956, -1.6956, -0.6956], [1. , 1. , 0. , 1. ]),
       ([-1.6304, -1.6956, -0.6956], [1. , 1. , 0. , 1. ])],
      dtype=[('position', '<f4', (3,)), ('color', '<f4', (4,))]), array([([-0.6956, -0.6956, -0.6304], [0. , 0. , 0. , 1. ]),
       ([-1.6304, -0.6956, -0.6304], [0. , 0. , 0. , 1. ]),
       ([-1.6304, -1.6304, -0.6304], [0. , 0. , 0. , 1. ]),
       ([-0.6956, -0.6956, -0.6304], [0. , 0. , 0. , 1. ]),
       ([-1.6304, -1.6304, -0.6304], [0. , 0. , 0. , 1. ]),
       ([-0.6956, -1.6304, -0.6304], [0. , 0. , 0. , 1. ]),
       ([-0.6304, -0.6956, -1.6304], [0. , 0. , 0. , 1. ]),
       ([-0.6304, -0.6956, -0.6956], [0. , 0. , 0. , 1. ]),
       ([-0.6304, -1.6304, -0.6956], [0. , 0. , 0. , 1. ]),
       ([-0.6304, -0.6956, -1.6304], [0. , 0. , 0. , 1. ]),
       ([-0.6304, -1.6304, -0.6956], [0. , 0. , 0. , 1. ]),
       ([-0.6304, -1.6304, -1.6304], [0. , 0. , 0. , 1. ]),
       ([-1.6304, -0.6956, -1.6956], [1. , 0.5, 0. , 1. ]),
       ([-0.6956, -0.6956, -1.6956], [1. , 0.5, 0. , 1. ]),
       ([-0.6956, -1.6304, -1.6956], [1. , 0.5, 0. , 1. ]),
       ([-1.6304, -0.6956, -1.6956], [1. , 0.5, 0. , 1. ]),
       ([-0.6956, -1.6304, -1.6956], [1. , 0.5, 0. , 1. ]),
       ([-1.6304, -1.6304, -1.6956], [1. , 0.5, 0. , 1. ]),
       ([-1.6956, -0.6956, -0.6956], [0. , 1. , 0. , 1. ]),
       ([-1.6956, -0.6956, -1.6304], [0. , 1. , 0. , 1. ]),
       ([-1.6956, -1.6304, -1.6304], [0. , 1. , 0. , 1. ]),
       ([-1.6956, -0.6956, -0.6956], [0. , 1. , 0. , 1. ]),
       ([-1.6956, -1.6304, -1.6304], [0. , 1. , 0. , 1. ]),
       ([-1.6956, -1.6304, -0.6956], [0. , 1. , 0. , 1. ]),
       ([-0.6956, -0.6304, -1.6304], [0. , 0. , 0. , 0. ]),
       ([-1.6304, -0.6304, -1.6304], [0. , 0. , 0. , 1. ]),
       ([-1.6304, -0.6304, -0.6956], [0. , 0. , 0. , 1. ]),
       ([-0.6956, -0.6304, -1.6304], [0. , 0. , 0. , 1. ]),
       ([-1.6304, -0.6304, -0.6956], [0. , 0. , 0. , 1. ]),
       ([-0.6956, -0.6304, -0.6956], [0. , 0. , 0. , 1. ]),
       ([-1.6304, -1.6956, -1.6304], [1. , 1. , 0. , 1. ]),
       ([-0.6956, -1.6956, -1.6304], [1. , 1. , 0. , 1. ]),
       ([-0.6956, -1.6956, -0.6956], [1. , 1. , 0. , 1. ]),
       ([-1.6304, -1.6956, -1.6304], [1. , 1. , 0. , 1. ]),
       ([-0.6956, -1.6956, -0.6956], [1. , 1. , 0. , 1. ]),
       ([-1.6304, -1.6956, -0.6956], [1. , 1. , 0. , 1. ])],
      dtype=[('position', '<f4', (3,)), ('color', '<f4', (4,))]), array([([-0.6956, -0.6956, -0.6304], [0. , 0. , 0. , 1. ]),
       ([-1.6304, -0.6956, -0.6304], [0. , 0. , 0. , 1. ]),
       ([-1.6304, -1.6304, -0.6304], [0. , 0. , 0. , 1. ]),
       ([-0.6956, -0.6956, -0.6304], [0. , 0. , 0. , 1. ]),
       ([-1.6304, -1.6304, -0.6304], [0. , 0. , 0. , 1. ]),
       ([-0.6956, -1.6304, -0.6304], [0. , 0. , 0. , 1. ]),
       ([-0.6304, -0.6956, -1.6304], [0. , 0. , 0. , 1. ]),
       ([-0.6304, -0.6956, -0.6956], [0. , 0. , 0. , 1. ]),
       ([-0.6304, -1.6304, -0.6956], [0. , 0. , 0. , 1. ]),
       ([-0.6304, -0.6956, -1.6304], [0. , 0. , 0. , 1. ]),
       ([-0.6304, -1.6304, -0.6956], [0. , 0. , 0. , 1. ]),
       ([-0.6304, -1.6304, -1.6304], [0. , 0. , 0. , 1. ]),
       ([-1.6304, -0.6956, -1.6956], [1. , 0.5, 0. , 1. ]),
       ([-0.6956, -0.6956, -1.6956], [1. , 0.5, 0. , 1. ]),
       ([-0.6956, -1.6304, -1.6956], [1. , 0.5, 0. , 1. ]),
       ([-1.6304, -0.6956, -1.6956], [1. , 0.5, 0. , 1. ]),
       ([-0.6956, -1.6304, -1.6956], [1. , 0.5, 0. , 1. ]),
       ([-1.6304, -1.6304, -1.6956], [1. , 0.5, 0. , 1. ]),
       ([-1.6956, -0.6956, -0.6956], [0. , 1. , 0. , 1. ]),
       ([-1.6956, -0.6956, -1.6304], [0. , 1. , 0. , 1. ]),
       ([-1.6956, -1.6304, -1.6304], [0. , 1. , 0. , 1. ]),
       ([-1.6956, -0.6956, -0.6956], [0. , 1. , 0. , 1. ]),
       ([-1.6956, -1.6304, -1.6304], [0. , 1. , 0. , 1. ]),
       ([-1.6956, -1.6304, -0.6956], [0. , 1. , 0. , 1. ]),
       ([-0.6956, -0.6304, -1.6304], [0. , 0. , 0. , 0. ]),
       ([-1.6304, -0.6304, -1.6304], [0. , 0. , 0. , 1. ]),
       ([-1.6304, -0.6304, -0.6956], [0. , 0. , 0. , 1. ]),
       ([-0.6956, -0.6304, -1.6304], [0. , 0. , 0. , 1. ]),
       ([-1.6304, -0.6304, -0.6956], [0. , 0. , 0. , 1. ]),
       ([-0.6956, -0.6304, -0.6956], [0. , 0. , 0. , 1. ]),
       ([-1.6304, -1.6956, -1.6304], [1. , 1. , 0. , 1. ]),
       ([-0.6956, -1.6956, -1.6304], [1. , 1. , 0. , 1. ]),
       ([-0.6956, -1.6956, -0.6956], [1. , 1. , 0. , 1. ]),
       ([-1.6304, -1.6956, -1.6304], [1. , 1. , 0. , 1. ]),
       ([-0.6956, -1.6956, -0.6956], [1. , 1. , 0. , 1. ]),
       ([-1.6304, -1.6956, -0.6956], [1. , 1. , 0. , 1. ])],
      dtype=[('position', '<f4', (3,)), ('color', '<f4', (4,))]), array([([-0.6956, -0.6956, -0.6304], [0. , 0. , 0. , 1. ]),
       ([-1.6304, -0.6956, -0.6304], [0. , 0. , 0. , 1. ]),
       ([-1.6304, -1.6304, -0.6304], [0. , 0. , 0. , 1. ]),
       ([-0.6956, -0.6956, -0.6304], [0. , 0. , 0. , 1. ]),
       ([-1.6304, -1.6304, -0.6304], [0. , 0. , 0. , 1. ]),
       ([-0.6956, -1.6304, -0.6304], [0. , 0. , 0. , 1. ]),
       ([-0.6304, -0.6956, -1.6304], [0. , 0. , 0. , 1. ]),
       ([-0.6304, -0.6956, -0.6956], [0. , 0. , 0. , 1. ]),
       ([-0.6304, -1.6304, -0.6956], [0. , 0. , 0. , 1. ]),
       ([-0.6304, -0.6956, -1.6304], [0. , 0. , 0. , 1. ]),
       ([-0.6304, -1.6304, -0.6956], [0. , 0. , 0. , 1. ]),
       ([-0.6304, -1.6304, -1.6304], [0. , 0. , 0. , 1. ]),
       ([-1.6304, -0.6956, -1.6956], [1. , 0.5, 0. , 1. ]),
       ([-0.6956, -0.6956, -1.6956], [1. , 0.5, 0. , 1. ]),
       ([-0.6956, -1.6304, -1.6956], [1. , 0.5, 0. , 1. ]),
       ([-1.6304, -0.6956, -1.6956], [1. , 0.5, 0. , 1. ]),
       ([-0.6956, -1.6304, -1.6956], [1. , 0.5, 0. , 1. ]),
       ([-1.6304, -1.6304, -1.6956], [1. , 0.5, 0. , 1. ]),
       ([-1.6956, -0.6956, -0.6956], [0. , 1. , 0. , 1. ]),
       ([-1.6956, -0.6956, -1.6304], [0. , 1. , 0. , 1. ]),
       ([-1.6956, -1.6304, -1.6304], [0. , 1. , 0. , 1. ]),
       ([-1.6956, -0.6956, -0.6956], [0. , 1. , 0. , 1. ]),
       ([-1.6956, -1.6304, -1.6304], [0. , 1. , 0. , 1. ]),
       ([-1.6956, -1.6304, -0.6956], [0. , 1. , 0. , 1. ]),
       ([-0.6956, -0.6304, -1.6304], [0. , 0. , 0. , 0. ]),
       ([-1.6304, -0.6304, -1.6304], [0. , 0. , 0. , 1. ]),
       ([-1.6304, -0.6304, -0.6956], [0. , 0. , 0. , 1. ]),
       ([-0.6956, -0.6304, -1.6304], [0. , 0. , 0. , 1. ]),
       ([-1.6304, -0.6304, -0.6956], [0. , 0. , 0. , 1. ]),
       ([-0.6956, -0.6304, -0.6956], [0. , 0. , 0. , 1. ]),
       ([-1.6304, -1.6956, -1.6304], [1. , 1. , 0. , 1. ]),
       ([-0.6956, -1.6956, -1.6304], [1. , 1. , 0. , 1. ]),
       ([-0.6956, -1.6956, -0.6956], [1. , 1. , 0. , 1. ]),
       ([-1.6304, -1.6956, -1.6304], [1. , 1. , 0. , 1. ]),
       ([-0.6956, -1.6956, -0.6956], [1. , 1. , 0. , 1. ]),
       ([-1.6304, -1.6956, -0.6956], [1. , 1. , 0. , 1. ])],
      dtype=[('position', '<f4', (3,)), ('color', '<f4', (4,))]), array([([-0.6956, -0.6956, -0.6304], [0. , 0. , 0. , 1. ]),
       ([-1.6304, -0.6956, -0.6304], [0. , 0. , 0. , 1. ]),
       ([-1.6304, -1.6304, -0.6304], [0. , 0. , 0. , 1. ]),
       ([-0.6956, -0.6956, -0.6304], [0. , 0. , 0. , 1. ]),
       ([-1.6304, -1.6304, -0.6304], [0. , 0. , 0. , 1. ]),
       ([-0.6956, -1.6304, -0.6304], [0. , 0. , 0. , 1. ]),
       ([-0.6304, -0.6956, -1.6304], [0. , 0. , 0. , 1. ]),
       ([-0.6304, -0.6956, -0.6956], [0. , 0. , 0. , 1. ]),
       ([-0.6304, -1.6304, -0.6956], [0. , 0. , 0. , 1. ]),
       ([-0.6304, -0.6956, -1.6304], [0. , 0. , 0. , 1. ]),
       ([-0.6304, -1.6304, -0.6956], [0. , 0. , 0. , 1. ]),
       ([-0.6304, -1.6304, -1.6304], [0. , 0. , 0. , 1. ]),
       ([-1.6304, -0.6956, -1.6956], [1. , 0.5, 0. , 1. ]),
       ([-0.6956, -0.6956, -1.6956], [1. , 0.5, 0. , 1. ]),
       ([-0.6956, -1.6304, -1.6956], [1. , 0.5, 0. , 1. ]),
       ([-1.6304, -0.6956, -1.6956], [1. , 0.5, 0. , 1. ]),
       ([-0.6956, -1.6304, -1.6956], [1. , 0.5, 0. , 1. ]),
       ([-1.6304, -1.6304, -1.6956], [1. , 0.5, 0. , 1. ]),
       ([-1.6956, -0.6956, -0.6956], [0. , 1. , 0. , 1. ]),
       ([-1.6956, -0.6956, -1.6304], [0. , 1. , 0. , 1. ]),
       ([-1.6956, -1.6304, -1.6304], [0. , 1. , 0. , 1. ]),
       ([-1.6956, -0.6956, -0.6956], [0. , 1. , 0. , 1. ]),
       ([-1.6956, -1.6304, -1.6304], [0. , 1. , 0. , 1. ]),
       ([-1.6956, -1.6304, -0.6956], [0. , 1. , 0. , 1. ]),
       ([-0.6956, -0.6304, -1.6304], [0. , 0. , 0. , 0. ]),
       ([-1.6304, -0.6304, -1.6304], [0. , 0. , 0. , 1. ]),
       ([-1.6304, -0.6304, -0.6956], [0. , 0. , 0. , 1. ]),
       ([-0.6956, -0.6304, -1.6304], [0. , 0. , 0. , 1. ]),
       ([-1.6304, -0.6304, -0.6956], [0. , 0. , 0. , 1. ]),
       ([-0.6956, -0.6304, -0.6956], [0. , 0. , 0. , 1. ]),
       ([-1.6304, -1.6956, -1.6304], [1. , 1. , 0. , 1. ]),
       ([-0.6956, -1.6956, -1.6304], [1. , 1. , 0. , 1. ]),
       ([-0.6956, -1.6956, -0.6956], [1. , 1. , 0. , 1. ]),
       ([-1.6304, -1.6956, -1.6304], [1. , 1. , 0. , 1. ]),
       ([-0.6956, -1.6956, -0.6956], [1. , 1. , 0. , 1. ]),
       ([-1.6304, -1.6956, -0.6956], [1. , 1. , 0. , 1. ])],
      dtype=[('position', '<f4', (3,)), ('color', '<f4', (4,))]), array([([-0.6956, -0.6956, -0.6304], [0. , 0. , 0. , 1. ]),
       ([-1.6304, -0.6956, -0.6304], [0. , 0. , 0. , 1. ]),
       ([-1.6304, -1.6304, -0.6304], [0. , 0. , 0. , 1. ]),
       ([-0.6956, -0.6956, -0.6304], [0. , 0. , 0. , 1. ]),
       ([-1.6304, -1.6304, -0.6304], [0. , 0. , 0. , 1. ]),
       ([-0.6956, -1.6304, -0.6304], [0. , 0. , 0. , 1. ]),
       ([-0.6304, -0.6956, -1.6304], [0. , 0. , 0. , 1. ]),
       ([-0.6304, -0.6956, -0.6956], [0. , 0. , 0. , 1. ]),
       ([-0.6304, -1.6304, -0.6956], [0. , 0. , 0. , 1. ]),
       ([-0.6304, -0.6956, -1.6304], [0. , 0. , 0. , 1. ]),
       ([-0.6304, -1.6304, -0.6956], [0. , 0. , 0. , 1. ]),
       ([-0.6304, -1.6304, -1.6304], [0. , 0. , 0. , 1. ]),
       ([-1.6304, -0.6956, -1.6956], [1. , 0.5, 0. , 1. ]),
       ([-0.6956, -0.6956, -1.6956], [1. , 0.5, 0. , 1. ]),
       ([-0.6956, -1.6304, -1.6956], [1. , 0.5, 0. , 1. ]),
       ([-1.6304, -0.6956, -1.6956], [1. , 0.5, 0. , 1. ]),
       ([-0.6956, -1.6304, -1.6956], [1. , 0.5, 0. , 1. ]),
       ([-1.6304, -1.6304, -1.6956], [1. , 0.5, 0. , 1. ]),
       ([-1.6956, -0.6956, -0.6956], [0. , 1. , 0. , 1. ]),
       ([-1.6956, -0.6956, -1.6304], [0. , 1. , 0. , 1. ]),
       ([-1.6956, -1.6304, -1.6304], [0. , 1. , 0. , 1. ]),
       ([-1.6956, -0.6956, -0.6956], [0. , 1. , 0. , 1. ]),
       ([-1.6956, -1.6304, -1.6304], [0. , 1. , 0. , 1. ]),
       ([-1.6956, -1.6304, -0.6956], [0. , 1. , 0. , 1. ]),
       ([-0.6956, -0.6304, -1.6304], [0. , 0. , 0. , 0. ]),
       ([-1.6304, -0.6304, -1.6304], [0. , 0. , 0. , 1. ]),
       ([-1.6304, -0.6304, -0.6956], [0. , 0. , 0. , 1. ]),
       ([-0.6956, -0.6304, -1.6304], [0. , 0. , 0. , 1. ]),
       ([-1.6304, -0.6304, -0.6956], [0. , 0. , 0. , 1. ]),
       ([-0.6956, -0.6304, -0.6956], [0. , 0. , 0. , 1. ]),
       ([-1.6304, -1.6956, -1.6304], [1. , 1. , 0. , 1. ]),
       ([-0.6956, -1.6956, -1.6304], [1. , 1. , 0. , 1. ]),
       ([-0.6956, -1.6956, -0.6956], [1. , 1. , 0. , 1. ]),
       ([-1.6304, -1.6956, -1.6304], [1. , 1. , 0. , 1. ]),
       ([-0.6956, -1.6956, -0.6956], [1. , 1. , 0. , 1. ]),
       ([-1.6304, -1.6956, -0.6956], [1. , 1. , 0. , 1. ])],
      dtype=[('position', '<f4', (3,)), ('color', '<f4', (4,))]), array([([-0.6956, -0.6956, -0.6304], [0. , 0. , 0. , 1. ]),
       ([-1.6304, -0.6956, -0.6304], [0. , 0. , 0. , 1. ]),
       ([-1.6304, -1.6304, -0.6304], [0. , 0. , 0. , 1. ]),
       ([-0.6956, -0.6956, -0.6304], [0. , 0. , 0. , 1. ]),
       ([-1.6304, -1.6304, -0.6304], [0. , 0. , 0. , 1. ]),
       ([-0.6956, -1.6304, -0.6304], [0. , 0. , 0. , 1. ]),
       ([-0.6304, -0.6956, -1.6304], [0. , 0. , 0. , 1. ]),
       ([-0.6304, -0.6956, -0.6956], [0. , 0. , 0. , 1. ]),
       ([-0.6304, -1.6304, -0.6956], [0. , 0. , 0. , 1. ]),
       ([-0.6304, -0.6956, -1.6304], [0. , 0. , 0. , 1. ]),
       ([-0.6304, -1.6304, -0.6956], [0. , 0. , 0. , 1. ]),
       ([-0.6304, -1.6304, -1.6304], [0. , 0. , 0. , 1. ]),
       ([-1.6304, -0.6956, -1.6956], [1. , 0.5, 0. , 1. ]),
       ([-0.6956, -0.6956, -1.6956], [1. , 0.5, 0. , 1. ]),
       ([-0.6956, -1.6304, -1.6956], [1. , 0.5, 0. , 1. ]),
       ([-1.6304, -0.6956, -1.6956], [1. , 0.5, 0. , 1. ]),
       ([-0.6956, -1.6304, -1.6956], [1. , 0.5, 0. , 1. ]),
       ([-1.6304, -1.6304, -1.6956], [1. , 0.5, 0. , 1. ]),
       ([-1.6956, -0.6956, -0.6956], [0. , 1. , 0. , 1. ]),
       ([-1.6956, -0.6956, -1.6304], [0. , 1. , 0. , 1. ]),
       ([-1.6956, -1.6304, -1.6304], [0. , 1. , 0. , 1. ]),
       ([-1.6956, -0.6956, -0.6956], [0. , 1. , 0. , 1. ]),
       ([-1.6956, -1.6304, -1.6304], [0. , 1. , 0. , 1. ]),
       ([-1.6956, -1.6304, -0.6956], [0. , 1. , 0. , 1. ]),
       ([-0.6956, -0.6304, -1.6304], [0. , 0. , 0. , 0. ]),
       ([-1.6304, -0.6304, -1.6304], [0. , 0. , 0. , 1. ]),
       ([-1.6304, -0.6304, -0.6956], [0. , 0. , 0. , 1. ]),
       ([-0.6956, -0.6304, -1.6304], [0. , 0. , 0. , 1. ]),
       ([-1.6304, -0.6304, -0.6956], [0. , 0. , 0. , 1. ]),
       ([-0.6956, -0.6304, -0.6956], [0. , 0. , 0. , 1. ]),
       ([-1.6304, -1.6956, -1.6304], [1. , 1. , 0. , 1. ]),
       ([-0.6956, -1.6956, -1.6304], [1. , 1. , 0. , 1. ]),
       ([-0.6956, -1.6956, -0.6956], [1. , 1. , 0. , 1. ]),
       ([-1.6304, -1.6956, -1.6304], [1. , 1. , 0. , 1. ]),
       ([-0.6956, -1.6956, -0.6956], [1. , 1. , 0. , 1. ]),
       ([-1.6304, -1.6956, -0.6956], [1. , 1. , 0. , 1. ])],
      dtype=[('position', '<f4', (3,)), ('color', '<f4', (4,))]), array([([-0.6956, -0.6956, -0.6304], [0. , 0. , 0. , 1. ]),
       ([-1.6304, -0.6956, -0.6304], [0. , 0. , 0. , 1. ]),
       ([-1.6304, -1.6304, -0.6304], [0. , 0. , 0. , 1. ]),
       ([-0.6956, -0.6956, -0.6304], [0. , 0. , 0. , 1. ]),
       ([-1.6304, -1.6304, -0.6304], [0. , 0. , 0. , 1. ]),
       ([-0.6956, -1.6304, -0.6304], [0. , 0. , 0. , 1. ]),
       ([-0.6304, -0.6956, -1.6304], [0. , 0. , 0. , 1. ]),
       ([-0.6304, -0.6956, -0.6956], [0. , 0. , 0. , 1. ]),
       ([-0.6304, -1.6304, -0.6956], [0. , 0. , 0. , 1. ]),
       ([-0.6304, -0.6956, -1.6304], [0. , 0. , 0. , 1. ]),
       ([-0.6304, -1.6304, -0.6956], [0. , 0. , 0. , 1. ]),
       ([-0.6304, -1.6304, -1.6304], [0. , 0. , 0. , 1. ]),
       ([-1.6304, -0.6956, -1.6956], [1. , 0.5, 0. , 1. ]),
       ([-0.6956, -0.6956, -1.6956], [1. , 0.5, 0. , 1. ]),
       ([-0.6956, -1.6304, -1.6956], [1. , 0.5, 0. , 1. ]),
       ([-1.6304, -0.6956, -1.6956], [1. , 0.5, 0. , 1. ]),
       ([-0.6956, -1.6304, -1.6956], [1. , 0.5, 0. , 1. ]),
       ([-1.6304, -1.6304, -1.6956], [1. , 0.5, 0. , 1. ]),
       ([-1.6956, -0.6956, -0.6956], [0. , 1. , 0. , 1. ]),
       ([-1.6956, -0.6956, -1.6304], [0. , 1. , 0. , 1. ]),
       ([-1.6956, -1.6304, -1.6304], [0. , 1. , 0. , 1. ]),
       ([-1.6956, -0.6956, -0.6956], [0. , 1. , 0. , 1. ]),
       ([-1.6956, -1.6304, -1.6304], [0. , 1. , 0. , 1. ]),
       ([-1.6956, -1.6304, -0.6956], [0. , 1. , 0. , 1. ]),
       ([-0.6956, -0.6304, -1.6304], [0. , 0. , 0. , 0. ]),
       ([-1.6304, -0.6304, -1.6304], [0. , 0. , 0. , 1. ]),
       ([-1.6304, -0.6304, -0.6956], [0. , 0. , 0. , 1. ]),
       ([-0.6956, -0.6304, -1.6304], [0. , 0. , 0. , 1. ]),
       ([-1.6304, -0.6304, -0.6956], [0. , 0. , 0. , 1. ]),
       ([-0.6956, -0.6304, -0.6956], [0. , 0. , 0. , 1. ]),
       ([-1.6304, -1.6956, -1.6304], [1. , 1. , 0. , 1. ]),
       ([-0.6956, -1.6956, -1.6304], [1. , 1. , 0. , 1. ]),
       ([-0.6956, -1.6956, -0.6956], [1. , 1. , 0. , 1. ]),
       ([-1.6304, -1.6956, -1.6304], [1. , 1. , 0. , 1. ]),
       ([-0.6956, -1.6956, -0.6956], [1. , 1. , 0. , 1. ]),
       ([-1.6304, -1.6956, -0.6956], [1. , 1. , 0. , 1. ])],
      dtype=[('position', '<f4', (3,)), ('color', '<f4', (4,))])]
